  EFIT     08/20/2024    #200245  2200ms  EFIT02   0  65  65
 0.170000005E+01 0.320000005E+01 0.169550002E+01 0.839999974E+00 0.000000000E+00
 0.169514501E+01 0.220831987E-01-0.319073051E+00-0.376126207E-01 0.191367424E+01
 0.114577737E+07-0.319073051E+00 0.000000000E+00 0.169514501E+01 0.000000000E+00
 0.220831987E-01 0.000000000E+00-0.376126207E-01 0.000000000E+00 0.000000000E+00
 0.334347391E+01 0.333756614E+01 0.333189631E+01 0.332647228E+01 0.332130146E+01
 0.331638885E+01 0.331173849E+01 0.330735302E+01 0.330323410E+01 0.329938126E+01
 0.329579401E+01 0.329246926E+01 0.328940296E+01 0.328658962E+01 0.328402185E+01
 0.328169012E+01 0.327958322E+01 0.327768683E+01 0.327598405E+01 0.327445507E+01
 0.327307606E+01 0.327182293E+01 0.327067375E+01 0.326960945E+01 0.326861429E+01
 0.326767468E+01 0.326677871E+01 0.326591659E+01 0.326507974E+01 0.326426125E+01
 0.326345491E+01 0.326265550E+01 0.326185894E+01 0.326106143E+01 0.326026058E+01
 0.325945377E+01 0.325863934E+01 0.325781584E+01 0.325698256E+01 0.325613928E+01
 0.325528550E+01 0.325442243E+01 0.325355029E+01 0.325267076E+01 0.325178552E+01
 0.325089693E+01 0.325000811E+01 0.324912286E+01 0.324824500E+01 0.324738026E+01
 0.324653506E+01 0.324571633E+01 0.324493313E+01 0.324419570E+01 0.324351621E+01
 0.324290872E+01 0.324239016E+01 0.324197984E+01 0.324170041E+01 0.324157906E+01
 0.324164653E+01 0.324193954E+01 0.324250078E+01 0.324337959E+01 0.324463463E+01
 0.537571486E+05 0.544304805E+05 0.547914490E+05 0.548731524E+05 0.547061639E+05
 0.543187148E+05 0.537368749E+05 0.529846875E+05 0.520843476E+05 0.510563203E+05
 0.499194648E+05 0.486911523E+05 0.473873750E+05 0.460228476E+05 0.446110781E+05
 0.431644766E+05 0.416944062E+05 0.402112734E+05 0.387245781E+05 0.372429766E+05
 0.357743321E+05 0.343257695E+05 0.329037031E+05 0.315138984E+05 0.301614882E+05
 0.288510137E+05 0.275864473E+05 0.263712227E+05 0.252082461E+05 0.240999277E+05
 0.230481856E+05 0.220544571E+05 0.211197168E+05 0.202444727E+05 0.194287774E+05
 0.186722226E+05 0.179739355E+05 0.173325820E+05 0.167463496E+05 0.162129395E+05
 0.157295547E+05 0.152928809E+05 0.148990635E+05 0.145436924E+05 0.142217637E+05
 0.139276592E+05 0.136551064E+05 0.133971416E+05 0.131460684E+05 0.128934092E+05
 0.126298545E+05 0.123452051E+05 0.120283106E+05 0.116670019E+05 0.112480146E+05
 0.107569102E+05 0.101779863E+05 0.949418458E+04 0.868697852E+04 0.773627150E+04
 0.662026222E+04 0.531532129E+04 0.379584057E+04 0.203408094E+04 0.000000000E+00
-0.457998416E+01-0.439493701E+01-0.420384935E+01-0.400796840E+01-0.380842492E+01
-0.360626052E+01-0.340245198E+01-0.319793607E+01-0.299363232E+01-0.279046536E+01
-0.258938789E+01-0.239140318E+01-0.219759058E+01-0.200913144E+01-0.182733834E+01
-0.165368629E+01-0.148985004E+01-0.133774412E+01-0.119957018E+01-0.107787072E+01
-0.975044370E+00-0.889903129E+00-0.819878519E+00-0.762763202E+00-0.716665804E+00
-0.679964483E+00-0.651267050E+00-0.629377421E+00-0.613265874E+00-0.602044048E+00
-0.594943225E+00-0.591295598E+00-0.590517638E+00-0.592096211E+00-0.595575752E+00
-0.600547137E+00-0.606637834E+00-0.613502741E+00-0.620815519E+00-0.628260909E+00
-0.635526894E+00-0.642297028E+00-0.648242831E+00-0.653015437E+00-0.656237541E+00
-0.657493710E+00-0.656320511E+00-0.652195095E+00-0.644522370E+00-0.632620393E+00
-0.615703820E+00-0.592864692E+00-0.563050031E+00-0.525036335E+00-0.477399409E+00
-0.418479741E+00-0.346341699E+00-0.258726388E+00-0.152996197E+00-0.260703773E-01
 0.125650316E+00 0.306371719E+00 0.521009149E+00 0.775307654E+00 0.107598245E+01
 0.190575945E+06 0.115636051E+06 0.485213242E+05-0.113651328E+05-0.645760859E+05
-0.111623508E+06-0.152981777E+06-0.189090498E+06-0.220357230E+06-0.247159973E+06
-0.269849404E+06-0.288751221E+06-0.304167812E+06-0.316380438E+06-0.325650718E+06
-0.332222279E+06-0.336322375E+06-0.338163030E+06-0.337942563E+06-0.335846718E+06
-0.332049688E+06-0.326715375E+06-0.319998281E+06-0.312044375E+06-0.302992219E+06
-0.292973531E+06-0.282114219E+06-0.270535000E+06-0.258352234E+06-0.245678562E+06
-0.232623672E+06-0.219294875E+06-0.205797844E+06-0.192237204E+06-0.178717202E+06
-0.165342343E+06-0.152217984E+06-0.139451046E+06-0.127150609E+06-0.115428642E+06
-0.104400585E+06-0.941861724E+05-0.849100703E+05-0.767026870E+05-0.697009683E+05
-0.640491997E+05-0.598999258E+05-0.574148662E+05-0.567658979E+05-0.581361128E+05
-0.617209341E+05-0.677293044E+05-0.763849690E+05-0.879278438E+05-0.102615461E+06
-0.120724578E+06-0.142552828E+06-0.168420562E+06-0.198672812E+06-0.233681344E+06
-0.273847031E+06-0.319602188E+06-0.371413251E+06-0.429783688E+06-0.495257030E+06
-4.060480744e-02-4.902442923e-02-5.819312113e-02-6.810221073e-02-7.864546037e-02
-8.960725367e-02-1.006767154e-01-1.114929691e-01-1.185066327e-01-1.180896163e-01
-1.183343380e-01-1.228199155e-01-1.288724690e-01-1.316505224e-01-1.318787634e-01
-1.297922433e-01-1.253602803e-01-1.183938310e-01-1.084790676e-01-9.481512758e-02
-7.591135061e-02-5.629947409e-02-3.941538557e-02-2.400613020e-02-9.336800285e-03
 5.087798025e-03 1.967601289e-02 3.484372422e-02 5.110211298e-02 6.905910373e-02
 8.503764869e-02 9.785120937e-02 1.079182103e-01 1.150388568e-01 1.191010773e-01
 1.197051778e-01 1.182964220e-01 1.187249347e-01 1.204166711e-01 1.230135634e-01
 1.262895614e-01 1.300951242e-01 1.343245357e-01 1.388971806e-01 1.437467188e-01
 1.488151550e-01 1.540490836e-01 1.593975872e-01 1.648107469e-01 1.702389121e-01
 1.756323427e-01 1.809412986e-01 1.861165166e-01 1.911100000e-01 1.958761215e-01
 2.003727704e-01 2.045627237e-01 2.084148228e-01 2.119049132e-01 2.150166184e-01
 2.177415937e-01 2.200793475e-01 2.220367044e-01 2.236270011e-01 2.248688340e-01
-4.472954941e-02-5.446991703e-02-6.544140721e-02-7.780563831e-02-9.154926238e-02
-1.063635946e-01-1.195839271e-01-1.273732632e-01-1.289747357e-01-1.242309884e-01
-1.206687614e-01-1.203866155e-01-1.213618219e-01-1.213937775e-01-1.199663579e-01
-1.168767140e-01-1.119435653e-01-1.049493179e-01-9.562163052e-02-8.365350220e-02
-6.896417594e-02-5.331721902e-02-3.830739486e-02-2.387820373e-02-9.759439126e-03
 4.339307139e-03 1.872356981e-02 3.374802697e-02 4.988231513e-02 6.768123803e-02
 8.362108472e-02 9.648030995e-02 1.066244915e-01 1.139766872e-01 1.183661893e-01
 1.193471700e-01 1.184782982e-01 1.194121018e-01 1.216174290e-01 1.247473657e-01
 1.285828352e-01 1.329764277e-01 1.378223896e-01 1.430395097e-01 1.485607922e-01
 1.543269903e-01 1.602825522e-01 1.663728804e-01 1.725426465e-01 1.787347198e-01
 1.848898232e-01 1.909466386e-01 1.968426257e-01 2.025153339e-01 2.079041600e-01
 2.129525840e-01 2.176103592e-01 2.218358219e-01 2.255976200e-01 2.288760245e-01
 2.316633463e-01 2.339636385e-01 2.357916683e-01 2.371712029e-01 2.381330580e-01
-4.622916129e-02-5.665534359e-02-6.879481673e-02-8.334410191e-02-1.005670056e-01
-1.138689815e-01-1.217069850e-01-1.238195077e-01-1.200058461e-01-1.151508168e-01
-1.114399880e-01-1.088427230e-01-1.067722514e-01-1.045633629e-01-1.016965062e-01
-9.782066202e-02-9.269803765e-02-8.616554743e-02-7.813378418e-02-6.862764060e-02
-5.785576632e-02-4.621129861e-02-3.409454602e-02-2.173976606e-02-9.214749589e-03
 3.513167147e-03 1.652658542e-02 2.992402206e-02 4.377286510e-02 5.787333849e-02
 7.104974984e-02 8.252153549e-02 9.215231243e-02 9.988883135e-02 1.056964621e-01
 1.096554622e-01 1.126643643e-01 1.159792543e-01 1.198432595e-01 1.242514923e-01
 1.291591525e-01 1.345147341e-01 1.402680278e-01 1.463712752e-01 1.527781487e-01
 1.594420076e-01 1.663141847e-01 1.733424067e-01 1.804693938e-01 1.876320094e-01
 1.947607398e-01 2.017800063e-01 2.086092830e-01 2.151651532e-01 2.213643939e-01
 2.271278054e-01 2.323843986e-01 2.370756566e-01 2.411589324e-01 2.446098477e-01
 2.474230975e-01 2.496117056e-01 2.512048185e-01 2.522445023e-01 2.527818382e-01
-4.438162595e-02-5.426120391e-02-6.564485279e-02-7.906891403e-02-9.397703415e-02
-1.028783769e-01-1.048783883e-01-1.037376448e-01-1.019087657e-01-9.974434224e-02
-9.748993072e-02-9.521718329e-02-9.282855687e-02-9.012766933e-02-8.689541373e-02
-8.293759081e-02-7.810521132e-02-7.230232656e-02-6.549261513e-02-5.770656461e-02
-4.904196787e-02-3.964595500e-02-2.967798145e-02-1.927331096e-02-8.527088910e-03
 2.499212802e-03 1.375722227e-02 2.518126366e-02 3.664730863e-02 4.793269929e-02
 5.873222651e-02 6.876157226e-02 7.784041017e-02 8.590141685e-02 9.298770131e-02
 9.927029908e-02 1.050461904e-01 1.106467843e-01 1.163224354e-01 1.222186983e-01
 1.284081340e-01 1.349209100e-01 1.417630613e-01 1.489258260e-01 1.563902646e-01
 1.641288102e-01 1.721054614e-01 1.802749187e-01 1.885814368e-01 1.969573647e-01
 2.053221017e-01 2.135818899e-01 2.216307372e-01 2.293532640e-01 2.366297245e-01
 2.433427870e-01 2.493857592e-01 2.546708286e-01 2.591360807e-01 2.627501786e-01
 2.655138672e-01 2.674581110e-01 2.686392665e-01 2.691321671e-01 2.690227628e-01
-3.961841384e-02-4.790398854e-02-5.689251056e-02-6.657002118e-02-7.576752457e-02
-8.047996464e-02-8.315319565e-02-8.441106972e-02-8.466064924e-02-8.418312675e-02
-8.316148820e-02-8.168894050e-02-7.978056377e-02-7.739473874e-02-7.445941868e-02
-7.089594757e-02-6.663676351e-02-6.163712224e-02-5.588205165e-02-4.938913876e-02
-4.220635822e-02-3.440467641e-02-2.606698495e-02-1.727741587e-02-8.115218952e-03
 1.344893244e-03 1.102659760e-02 2.084245907e-02 3.068521622e-02 4.042627288e-02
 4.992741720e-02 5.906407911e-02 6.774932143e-02 7.594941558e-02 8.369018136e-02
 9.105462584e-02 9.816916284e-02 1.051783487e-01 1.122177020e-01 1.193969026e-01
 1.267958432e-01 1.344682128e-01 1.424469650e-01 1.507488936e-01 1.593775749e-01
 1.683246642e-01 1.775698066e-01 1.870792806e-01 1.968036890e-01 2.066748440e-01
 2.166024297e-01 2.264711112e-01 2.361394763e-01 2.454423904e-01 2.541981935e-01
 2.622213960e-01 2.693391740e-01 2.754088342e-01 2.803329527e-01 2.840689719e-01
 2.866321504e-01 2.880909741e-01 2.885556817e-01 2.881630659e-01 2.870603204e-01
-3.336926916e-02-3.993068266e-02-4.654098296e-02-5.291166902e-02-5.856162682e-02
-6.306549901e-02-6.635082507e-02-6.855114549e-02-6.983537221e-02-7.035167518e-02
-7.021174574e-02-6.948745993e-02-6.821358201e-02-6.639513379e-02-6.401736295e-02
-6.105650595e-02-5.748934305e-02-5.330065641e-02-4.848822209e-02-4.306519034e-02
-3.705991060e-02-3.051367588e-02-2.347715758e-02-1.600681621e-02-8.162399768e-03
-6.186295650e-06 8.396249235e-03 1.697473973e-02 2.565424144e-02 3.435719012e-02
 4.300925511e-02 5.154766886e-02 5.992991480e-02 6.814027579e-02 7.619266211e-02
 8.412896094e-02 9.201299401e-02 9.992139043e-02 1.079337150e-01 1.161245704e-01
 1.245588884e-01 1.332901269e-01 1.423603892e-01 1.518010497e-01 1.616334319e-01
 1.718686223e-01 1.825063676e-01 1.935324967e-01 2.049147785e-01 2.165967077e-01
 2.284891009e-01 2.404602766e-01 2.523264289e-01 2.638470232e-01 2.747317255e-01
 2.846638858e-01 2.933385670e-01 3.005033135e-01 3.059906960e-01 3.097383380e-01
 3.117957115e-01 3.123142123e-01 3.115194440e-01 3.096719384e-01 3.070298135e-01
-2.694201103e-02-3.223705295e-02-3.739871085e-02-4.228049147e-02-4.670953751e-02
-5.052857846e-02-5.364774918e-02-5.604654181e-02-5.774933851e-02-5.879922208e-02
-5.924016604e-02-5.910740042e-02-5.842367181e-02-5.719952652e-02-5.543609714e-02
-5.312913662e-02-5.027337378e-02-4.686633495e-02-4.291128737e-02-3.841900453e-02
-3.340835491e-02-2.790590940e-02-2.194485447e-02-1.556365564e-02-8.804819561e-03
-1.713951846e-03 5.660952054e-03 1.327030359e-02 2.106422372e-02 2.899472602e-02
 3.701883182e-02 4.510230571e-02 5.322326347e-02 6.137492134e-02 6.956677137e-02
 7.782389972e-02 8.618457614e-02 9.469656646e-02 1.034130454e-01 1.123888195e-01
 1.216775328e-01 1.313298941e-01 1.413928419e-01 1.519091577e-01 1.629173756e-01
 1.744512618e-01 1.865385473e-01 1.991984248e-01 2.124366910e-01 2.262373120e-01
 2.405483723e-01 2.552593946e-01 2.701683939e-01 2.849426866e-01 2.990953923e-01
 3.120246827e-01 3.231327533e-01 3.319422901e-01 3.381498754e-01 3.416498899e-01
 3.425590992e-01 3.412230611e-01 3.381470740e-01 3.338625133e-01 3.288271129e-01
-2.095679377e-02-2.540958120e-02-2.970917331e-02-3.378317138e-02-3.754601261e-02
-4.091107479e-02-4.381341484e-02-4.621345553e-02-4.809373248e-02-4.945195091e-02
-5.029366171e-02-5.062657216e-02-5.045697841e-02-4.978825894e-02-4.862090576e-02
-4.695359984e-02-4.478480294e-02-4.211445522e-02-3.894548496e-02-3.528492531e-02
-3.114452961e-02-2.654091638e-02-2.149529383e-02-1.603289509e-02-1.018224006e-02
-3.974308740e-03 2.558381326e-03 9.382854216e-03 1.646699196e-02 2.378115430e-02
 3.130003434e-02 3.900461647e-02 4.688396305e-02 5.493655059e-02 6.317089497e-02
 7.160540670e-02 8.026750386e-02 8.919214459e-02 9.842015061e-02 1.079965830e-01
 1.179694757e-01 1.283890158e-01 1.393072307e-01 1.507781893e-01 1.628584713e-01
 1.756078005e-01 1.890896559e-01 2.033714056e-01 2.185233087e-01 2.346149385e-01
 2.517057061e-01 2.698220014e-01 2.889020443e-01 3.086680770e-01 3.283872903e-01
 3.465394080e-01 3.617252707e-01 3.731678426e-01 3.803922832e-01 3.831559121e-01
 3.815089166e-01 3.762050271e-01 3.687780798e-01 3.603696525e-01 3.517024517e-01
-1.556508522e-02-1.945839456e-02-2.322047020e-02-2.681197599e-02-3.018307130e-02
-3.327568987e-02-3.604030612e-02-3.843819717e-02-4.044150186e-02-4.203152659e-02
-4.319621620e-02-4.392762110e-02-4.421983281e-02-4.406769943e-02-4.346622151e-02
-4.241056362e-02-4.089645293e-02-3.892078617e-02-3.648229683e-02-3.358232602e-02
-3.022542779e-02-2.641966191e-02-2.217659169e-02-1.751101762e-02-1.244044586e-02
-6.984370761e-03-1.163428664e-03 5.001570578e-03 1.149072031e-02 1.828619462e-02
 2.537346631e-02 3.274250405e-02 4.038882254e-02 4.831430686e-02 5.652767789e-02
 6.504465641e-02 7.388774304e-02 8.308582753e-02 9.267362207e-02 1.026912853e-01
 1.131841242e-01 1.242027283e-01 1.358035356e-01 1.480499357e-01 1.610139608e-01
 1.747789085e-01 1.894427389e-01 2.051230073e-01 2.219636589e-01 2.401447743e-01
 2.598973215e-01 2.815273404e-01 3.054614067e-01 3.323634565e-01 3.628234863e-01
 3.902309239e-01 4.117490649e-01 4.272068143e-01 4.362398088e-01 4.380438328e-01
 4.323946238e-01 4.179508388e-01 4.019264579e-01 3.870429099e-01 3.734830022e-01
-1.073903689e-02-1.425795531e-02-1.768200661e-02-2.098841403e-02-2.414400317e-02
-2.710382457e-02-2.982660750e-02-3.227650741e-02-3.442364937e-02-3.624376282e-02
-3.771726415e-02-3.882812714e-02-3.956281772e-02-3.990941116e-02-3.985703742e-02
-3.939558196e-02-3.851563859e-02-3.720854971e-02-3.546617919e-02-3.328213471e-02
-3.065289746e-02-2.757818250e-02-2.406108567e-02-2.010794354e-02-1.572786827e-02
-1.093186811e-02-5.732036632e-03-1.407396194e-04 5.830283277e-03 1.217081491e-02
 1.887303402e-02 2.593233810e-02 3.334807979e-02 4.112416506e-02 4.926948251e-02
 5.779821797e-02 6.672997774e-02 7.608985899e-02 8.590853959e-02 9.622242302e-02
 1.070740297e-01 1.185126603e-01 1.305955648e-01 1.433897019e-01 1.569743156e-01
 1.714446396e-01 1.869172603e-01 2.035378963e-01 2.214929015e-01 2.410268933e-01
 2.624706328e-01 2.862868011e-01 3.131466806e-01 3.440448045e-01 3.803677261e-01
 4.176950157e-01 4.463877082e-01 4.663548171e-01 4.777988195e-01 4.805814326e-01
 4.734132588e-01 4.555246234e-01 4.299831688e-01 4.082881212e-01 3.899973333e-01
-6.374366523e-03-9.644973034e-03-1.286898920e-02-1.603452855e-02-1.911116764e-02
-2.205697814e-02-2.483374998e-02-2.740775613e-02-2.974956849e-02-3.183357796e-02
-3.363738212e-02-3.514114392e-02-3.632692990e-02-3.717812145e-02-3.767891973e-02
-3.781401363e-02-3.756860644e-02-3.692921248e-02-3.587645663e-02-3.439233455e-02
-3.246410933e-02-3.008283113e-02-2.724375388e-02-2.394660001e-02-2.019525692e-02
-1.599514109e-02-1.135268994e-02-6.274932966e-03-7.685328310e-04 5.160932866e-03
 1.150957771e-02 1.827582903e-02 2.546097898e-02 3.306966274e-02 4.111025481e-02
 4.959522188e-02 5.854139848e-02 6.797025351e-02 7.790818812e-02 8.838696034e-02
 9.944422544e-02 1.111244336e-01 1.234800070e-01 1.365731359e-01 1.504781544e-01
 1.652850062e-01 1.811039448e-01 1.980720908e-01 2.163626701e-01 2.361979186e-01
 2.578669190e-01 2.817492187e-01 3.083434403e-01 3.382943570e-01 3.724104166e-01
 4.114193619e-01 4.444130957e-01 4.677136541e-01 4.816757738e-01 4.864130020e-01
 4.821643532e-01 4.676305950e-01 4.425493478e-01 4.169645309e-01 3.963174522e-01
-2.300306194e-03-5.401073518e-03-8.552968473e-03-1.172059870e-02-1.485009113e-02
-1.789471688e-02-2.081936604e-02-2.359429377e-02-2.619288489e-02-2.859079654e-02
-3.076550370e-02-3.269591933e-02-3.436201069e-02-3.574429831e-02-3.682323173e-02
-3.757821766e-02-3.798624504e-02-3.805429491e-02-3.772582856e-02-3.695765509e-02
-3.573333471e-02-3.403406590e-02-3.184651956e-02-2.916516174e-02-2.599812485e-02
-2.234704423e-02-1.821423139e-02-1.360474431e-02-8.522636228e-03-2.970885485e-03
 3.048490937e-03 9.535146877e-03 1.649083197e-02 2.391969414e-02 3.182864189e-02
 4.022768513e-02 4.913022743e-02 5.855334550e-02 6.851808725e-02 7.904984058e-02
 9.017881007e-02 1.019406766e-01 1.143774465e-01 1.275386214e-01 1.414826065e-01
 1.562786997e-01 1.720093042e-01 1.887728870e-01 2.066871971e-01 2.258926779e-01
 2.465553731e-01 2.688679397e-01 2.930469811e-01 3.193263411e-01 3.479557037e-01
 3.792736531e-01 4.113449156e-01 4.339671731e-01 4.483988583e-01 4.553051293e-01
 4.544002115e-01 4.463121593e-01 4.299798310e-01 4.073724747e-01 3.890477419e-01
 1.714506972e-03-1.206662419e-03-4.521284194e-03-7.899563701e-03-1.121229026e-02
-1.445478195e-02-1.760984585e-02-2.065704571e-02-2.357497622e-02-2.634214045e-02
-2.893732308e-02-3.133974221e-02-3.352907300e-02-3.548533836e-02-3.718859708e-02
-3.861771899e-02-3.978930785e-02-4.062797505e-02-4.107156767e-02-4.107029362e-02
-4.058554396e-02-3.958464783e-02-3.803785892e-02-3.591421616e-02-3.329775856e-02
-3.016067113e-02-2.649385294e-02-2.231370284e-02-1.762178914e-02-1.241801865e-02
-6.704925545e-03-4.830047255e-04 6.249028265e-03 1.349372602e-02 2.125552670e-02
 2.954113483e-02 3.835976497e-02 4.772327840e-02 5.764631927e-02 6.814645975e-02
 7.924443483e-02 9.096442163e-02 1.033343449e-01 1.163861826e-01 1.301562339e-01
 1.446852982e-01 1.600184143e-01 1.762041450e-01 1.932926178e-01 2.113314420e-01
 2.303581983e-01 2.503864169e-01 2.713805139e-01 2.932097912e-01 3.155578375e-01
 3.377251923e-01 3.582834899e-01 3.753460050e-01 3.877873123e-01 3.952572942e-01
 3.977479637e-01 3.954989016e-01 3.891415894e-01 3.800549507e-01 3.701796234e-01
 5.234246200e-03 2.376730088e-03-1.052949141e-03-4.612529650e-03-8.140964375e-03
-1.163259061e-02-1.507539122e-02-1.845328143e-02-2.174779953e-02-2.493925398e-02
-2.800741422e-02-3.093191603e-02-3.369260958e-02-3.627026075e-02-3.864884004e-02
-4.086853194e-02-4.283241931e-02-4.446020351e-02-4.568640140e-02-4.645807670e-02
-4.673252997e-02-4.647486654e-02-4.565650596e-02-4.425514859e-02-4.225795713e-02
-3.963713348e-02-3.634946422e-02-3.256587681e-02-2.823825366e-02-2.334818802e-02
-1.791526189e-02-1.193905530e-02-5.416813779e-03 1.650349943e-03 9.263203487e-03
 1.742443443e-02 2.613872289e-02 3.541245684e-02 4.525342956e-02 5.567076057e-02
 6.667489558e-02 7.827755809e-02 9.049155563e-02 1.033304632e-01 1.168079525e-01
 1.309367269e-01 1.457267851e-01 1.611826271e-01 1.772989780e-01 1.940542310e-01
 2.114005238e-01 2.292489409e-01 2.474480271e-01 2.657539249e-01 2.837938070e-01
 3.010368645e-01 3.168144524e-01 3.304340839e-01 3.413417637e-01 3.492175341e-01
 3.539883494e-01 3.558187783e-01 3.551068604e-01 3.524483740e-01 3.485170901e-01
 8.300036134e-03 5.425347073e-03 1.932590298e-03-1.787767687e-03-5.541834020e-03
-9.314886236e-03-1.309073527e-02-1.685127051e-02-2.057708049e-02-2.424804677e-02
-2.784367089e-02-3.134297582e-02-3.472362834e-02-3.795929626e-02-4.114487770e-02
-4.416335747e-02-4.691579194e-02-4.932120815e-02-5.131429434e-02-5.284253505e-02
-5.386353654e-02-5.434263872e-02-5.425113438e-02-5.356492104e-02-5.226333067e-02
-5.032685025e-02-4.773968831e-02-4.449913279e-02-4.057204350e-02-3.589828313e-02
-3.072052078e-02-2.497406117e-02-1.863273792e-02-1.172172279e-02-4.243910313e-03
 3.799239406e-03 1.240900624e-02 2.158745751e-02 3.133586049e-02 4.165498913e-02
 5.254519730e-02 6.400630623e-02 7.603720576e-02 8.863517642e-02 1.017947793e-01
 1.155063510e-01 1.297537684e-01 1.445113868e-01 1.597399414e-01 1.753809899e-01
 1.913497597e-01 2.075263858e-01 2.237458974e-01 2.397889495e-01 2.553768158e-01
 2.701774538e-01 2.838290930e-01 2.959818840e-01 3.063469529e-01 3.147362769e-01
 3.210845589e-01 3.254534006e-01 3.280195296e-01 3.290455938e-01 3.288358450e-01
 1.123904157e-02 8.316117310e-03 4.690691858e-03 7.727128104e-04-3.247950866e-03
-7.351352804e-03-1.151525791e-02-1.571672031e-02-1.993312311e-02-2.414280368e-02
-2.832545526e-02-3.246265283e-02-3.653924164e-02-4.054749760e-02-4.451683536e-02
-4.831227288e-02-5.182908845e-02-5.498580265e-02-5.771863463e-02-5.997708438e-02
-6.172047180e-02-6.291531773e-02-6.353338806e-02-6.355027857e-02-6.294436011e-02
-6.169595569e-02-5.978715048e-02-5.720135569e-02-5.392006413e-02-4.992749541e-02
-4.522537813e-02-3.977333009e-02-3.349665552e-02-2.670610882e-02-1.933370903e-02
-1.138952561e-02-2.868623022e-03 6.232361295e-03 1.590706409e-02 2.614756861e-02
 3.694450481e-02 4.828711600e-02 6.016270072e-02 7.255578787e-02 8.544701338e-02
 9.881164879e-02 1.126176044e-01 1.268229932e-01 1.413731426e-01 1.561970413e-01
 1.712035388e-01 1.862774491e-01 2.012764215e-01 2.160297632e-01 2.303408235e-01
 2.439944893e-01 2.567706704e-01 2.684625685e-01 2.788964510e-01 2.879486978e-01
 2.955566645e-01 3.017218709e-01 3.065046668e-01 3.100121319e-01 3.123807311e-01
 1.425969877e-02 1.126840239e-02 7.469230797e-03 3.294655849e-03-1.064078824e-03
-5.574603972e-03-1.020315936e-02-1.491851540e-02-1.969304305e-02-2.450252697e-02
-2.932536969e-02-3.414117539e-02-3.892767054e-02-4.378057271e-02-4.855041951e-02
-5.311479048e-02-5.737720059e-02-6.126254055e-02-6.471205501e-02-6.767900285e-02
-7.012523709e-02-7.201865318e-02-7.333142309e-02-7.403874400e-02-7.411800326e-02
-7.354829462e-02-7.231003792e-02-7.038462909e-02-6.775398552e-02-6.440058350e-02
-6.030694768e-02-5.545013025e-02-4.980568588e-02-4.336198791e-02-3.603496403e-02
-2.818314171e-02-1.973953284e-02-1.067087242e-02-1.020400028e-03 9.194866725e-03
 1.995555499e-02 3.124229235e-02 4.303347319e-02 5.530460925e-02 6.802750377e-02
 8.116897196e-02 9.468931704e-02 1.085405722e-01 1.226646826e-01 1.369915903e-01
 1.514375061e-01 1.659036428e-01 1.802756786e-01 1.944247186e-01 2.082100064e-01
 2.214838862e-01 2.340987921e-01 2.459157258e-01 2.568127513e-01 2.666924000e-01
 2.754865587e-01 2.831583321e-01 2.897006571e-01 2.951326668e-01 2.994942665e-01
 1.764992814e-02 1.458808966e-02 1.058146541e-02 6.040136359e-03 1.213456882e-03
-3.828740882e-03-9.031155118e-03-1.435282355e-02-1.976335424e-02-2.523964833e-02
-3.076423518e-02-3.632574150e-02-4.192338137e-02-4.757500443e-02-5.311691017e-02
-5.842740831e-02-6.341560186e-02-6.801266970e-02-7.216522846e-02-7.583042233e-02
-7.897241414e-02-8.155998585e-02-8.356496692e-02-8.496131001e-02-8.572451772e-02
-8.583142610e-02-8.526013790e-02-8.399003745e-02-8.200182020e-02-7.927747071e-02
-7.580008358e-02-7.155343146e-02-6.652265041e-02-6.069555133e-02-5.406173317e-02
-4.663469639e-02-3.836574403e-02-2.915263924e-02-1.944447492e-02-9.165865340e-03
 1.645419252e-03 1.296931131e-02 2.477749434e-02 3.703941032e-02 4.972231762e-02
 6.278982759e-02 7.620053739e-02 8.990678190e-02 1.038536429e-01 1.179780886e-01
 1.322084069e-01 1.464640200e-01 1.606556922e-01 1.746865958e-01 1.884540468e-01
 2.018520385e-01 2.147743851e-01 2.271180600e-01 2.387861908e-01 2.496903986e-01
 2.597520053e-01 2.689024806e-01 2.770834267e-01 2.842472196e-01 2.903585732e-01
 2.201438317e-02 1.896617934e-02 1.452477646e-02 9.301002108e-03 3.734994389e-03
-2.034564066e-03-7.948565268e-03-1.397550298e-02-2.009483421e-02-2.629062533e-02
-3.254793590e-02-3.884895140e-02-4.532177377e-02-5.178245530e-02-5.808852238e-02
-6.413330141e-02-6.983730943e-02-7.514030488e-02-7.999490948e-02-8.436200026e-02
-8.820747581e-02-9.150017801e-02-9.421062469e-02-9.631036968e-02-9.777174891e-02
-9.856796263e-02-9.867335111e-02-9.806376696e-02-9.671697766e-02-9.461305290e-02
-9.173466265e-02-8.806721866e-02-8.359894155e-02-7.832049580e-02-7.222385702e-02
-6.530035287e-02-5.753150581e-02-4.889371252e-02-3.938014808e-02-2.888632193e-02
-1.793563174e-02-6.458383519e-03 5.488938186e-03 1.786948742e-02 3.065105158e-02
 4.379901660e-02 5.727448686e-02 7.103355230e-02 8.502724022e-02 9.920153023e-02
 1.134975627e-01 1.278518587e-01 1.421967596e-01 1.564610451e-01 1.705707163e-01
 1.844498664e-01 1.980213821e-01 2.112070769e-01 2.239271253e-01 2.360983193e-01
 2.476313263e-01 2.584275007e-01 2.683768272e-01 2.773595452e-01 2.852536738e-01
 2.820450068e-02 2.564387576e-02 1.969588731e-02 1.296552079e-02 6.331296579e-03
-3.252263414e-04-7.042553771e-03-1.383564522e-02-2.071062286e-02-2.766972966e-02
-3.471345460e-02-4.184151438e-02-4.911547151e-02-5.634334314e-02-6.338842215e-02
-7.015361637e-02-7.656868547e-02-8.258077499e-02-8.814756571e-02-9.323272110e-02
-9.780291465e-02-1.018259898e-01-1.052699909e-01-1.081027984e-01-1.102922186e-01
-1.118062809e-01-1.126138866e-01-1.126854643e-01-1.119937599e-01-1.105145440e-01
-1.082273200e-01-1.051157787e-01-1.011680439e-01-9.637644142e-02-9.073667231e-02
-8.424621823e-02-7.690190527e-02-6.869843601e-02-5.962713057e-02-4.967045417e-02
-3.882663322e-02-2.698218828e-02-1.475190651e-02-2.127377811e-03 1.088477018e-02
 2.425835654e-02 3.795947507e-02 5.194832382e-02 6.618145852e-02 8.061324806e-02
 9.519670159e-02 1.098838821e-01 1.246263310e-01 1.393753886e-01 1.540824175e-01
 1.686988026e-01 1.831753403e-01 1.974606365e-01 2.114979029e-01 2.252195328e-01
 2.385384887e-01 2.513365746e-01 2.634504736e-01 2.746621966e-01 2.847075164e-01
 3.237129375e-02 2.983151941e-02 2.341314591e-02 1.587468205e-02 8.417259960e-03
 9.772056655e-04-6.493968016e-03-1.402769986e-02-2.164439860e-02-2.935844293e-02
-3.718277070e-02-4.513857886e-02-5.319475752e-02-6.116984788e-02-6.894000621e-02
-7.642010601e-02-8.354961126e-02-9.028256683e-02-9.658095986e-02-1.024103165e-01
-1.077370495e-01-1.125269011e-01-1.167442873e-01-1.203521862e-01-1.233124509e-01
-1.255864501e-01-1.271359325e-01-1.279240400e-01-1.279164404e-01-1.270823330e-01
-1.253955811e-01-1.228355393e-01-1.193876565e-01-1.150437519e-01-1.098017320e-01
-1.036647931e-01-9.663981946e-02-8.873511109e-02-7.995680723e-02-7.030353697e-02
-5.975946045e-02-4.827830198e-02-3.579179573e-02-2.289062363e-02-9.546029352e-03
 4.180820688e-03 1.825431363e-02 3.263067079e-02 4.726689310e-02 6.212291864e-02
 7.716186346e-02 9.234998374e-02 1.076567322e-01 1.230549440e-01 1.385211349e-01
 1.540355980e-01 1.695819795e-01 1.851458997e-01 2.007118016e-01 2.162566483e-01
 2.317378968e-01 2.470716089e-01 2.620926201e-01 2.764851451e-01 2.896835804e-01
 3.527131680e-02 3.264480087e-02 2.573551802e-02 1.774040615e-02 9.737296088e-03
 1.694654682e-03-6.413891970e-03-1.461063972e-02-2.291246128e-02-3.133012733e-02
-3.986639157e-02-4.865747321e-02-5.748307332e-02-6.619046623e-02-7.467649138e-02
-8.287084842e-02-9.072323887e-02-9.819430114e-02-1.052495465e-01-1.118554547e-01
-1.179772094e-01-1.235774681e-01-1.286159009e-01-1.330493689e-01-1.368324310e-01
-1.399182528e-01-1.422597766e-01-1.438110024e-01-1.445285380e-01-1.443729550e-01
-1.433103830e-01-1.413136423e-01-1.383634061e-01-1.344487667e-01-1.295676082e-01
-1.237262785e-01-1.169387325e-01-1.092249528e-01-1.006083637e-01-9.111227098e-02
-8.075550201e-02-6.954819711e-02-5.749268460e-02-4.459301010e-02-3.069621699e-02
-1.648226936e-02-1.874702066e-03 1.304606440e-02 2.823008223e-02 4.364222658e-02
 5.925613272e-02 7.505209743e-02 9.101670980e-02 1.071433648e-01 1.234331951e-01
 1.398963928e-01 1.565535516e-01 1.734369993e-01 1.905918270e-01 2.080759853e-01
 2.259585410e-01 2.443129867e-01 2.631954849e-01 2.825454175e-01 3.013342619e-01
 3.695484626e-02 3.415758908e-02 2.715580724e-02 1.882728565e-02 1.040344307e-02
 1.872353983e-03-6.780977797e-03-1.557134924e-02-2.451256849e-02-3.361732507e-02
-4.289695621e-02-5.241430554e-02-6.194678316e-02-7.135124507e-02-8.053636551e-02
-8.944217116e-02-9.802607450e-02-1.062536165e-01-1.140925885e-01-1.215094476e-01
-1.284672469e-01-1.349246502e-01-1.408355981e-01-1.461497098e-01-1.508129239e-01
-1.547686160e-01-1.579591036e-01-1.603272706e-01-1.618185341e-01-1.623827815e-01
-1.619763672e-01-1.605638266e-01-1.581193507e-01-1.546278447e-01-1.500854194e-01
-1.444995999e-01-1.378887594e-01-1.302811057e-01-1.217130125e-01-1.122262776e-01
-1.018645391e-01-9.066841753e-02-7.866933939e-02-6.588108838e-02-5.228672546e-02
-3.786852214e-02-2.243749431e-02-6.790506683e-03 9.068755404e-03 2.513215320e-02
 4.139188306e-02 5.784387887e-02 7.449031620e-02 9.134188293e-02 1.084201559e-01
 1.257605404e-01 1.434160024e-01 1.614618599e-01 1.800025702e-01 1.991811544e-01
 2.191940844e-01 2.403162569e-01 2.629515231e-01 2.877489030e-01 3.135975897e-01
 3.817363456e-02 3.520045424e-02 2.799990025e-02 1.938485910e-02 1.060593876e-02
 1.654082684e-03-7.480855507e-03-1.680795854e-02-2.633757883e-02-3.608470407e-02
-4.607776928e-02-5.628209183e-02-6.648764011e-02-7.656563818e-02-8.643742651e-02
-9.605286276e-02-1.053761840e-01-1.143769920e-01-1.230246499e-01-1.312849522e-01
-1.391183138e-01-1.464787573e-01-1.533138602e-01-1.595649868e-01-1.651681214e-01
-1.700552255e-01-1.741558015e-01-1.773992032e-01-1.797170341e-01-1.810459048e-01
-1.813301593e-01-1.805242449e-01-1.785947531e-01-1.755216718e-01-1.712990552e-01
-1.659350097e-01-1.594511866e-01-1.518818289e-01-1.432722360e-01-1.336767674e-01
-1.231556162e-01-1.117703244e-01-9.957700965e-02-8.661694080e-02-7.290390876e-02
-5.841001496e-02-4.304236174e-02-2.666423471e-02-1.010059469e-02 6.642761669e-03
 2.356384881e-02 4.066580533e-02 5.795888232e-02 7.546296716e-02 9.321045875e-02
 1.112499163e-01 1.296508312e-01 1.485100985e-01 1.679612100e-01 1.881872565e-01
 2.094394118e-01 2.320621759e-01 2.565228939e-01 2.834318876e-01 3.121952415e-01
 3.926495841e-02 3.614496812e-02 2.846965377e-02 1.962462251e-02 1.054489988e-02
 1.212385629e-03-8.368376584e-03-1.819189446e-02-2.825392227e-02-3.854780641e-02
-4.927063730e-02-6.014715502e-02-7.100390646e-02-8.173649019e-02-9.228265283e-02
-1.026032194e-01-1.126693710e-01-1.224545837e-01-1.319296509e-01-1.410596371e-01
-1.498022378e-01-1.581068336e-01-1.659142376e-01-1.731569617e-01-1.797599047e-01
-1.856416464e-01-1.907163709e-01-1.948966086e-01-1.980965585e-01-2.002359927e-01
-2.012441307e-01-2.010632306e-01-1.996512860e-01-1.969836354e-01-1.930534244e-01
-1.878710240e-01-1.814628094e-01-1.738695651e-01-1.651447267e-01-1.553524435e-01
-1.445651948e-01-1.328603327e-01-1.203148737e-01-1.069977879e-01-9.295924005e-02
-7.821677624e-02-6.273953618e-02-4.643700273e-02-2.915858662e-02-1.172940152e-02
 5.842209343e-03 2.355892583e-02 4.143094645e-02 5.947770925e-02 7.773053646e-02
 9.623557330e-02 1.150577217e-01 1.342858374e-01 1.540400237e-01 1.744820625e-01
 1.958308816e-01 2.183858305e-01 2.425631732e-01 2.689484358e-01 2.971349359e-01
 3.938151893e-02 3.585819152e-02 2.873623747e-02 1.987192035e-02 1.047589720e-02
 7.306461339e-04-9.315651841e-03-1.964753313e-02-3.026200266e-02-4.116227472e-02
-5.248534685e-02-6.395620847e-02-7.541356975e-02-8.676649630e-02-9.796404091e-02
-1.089754477e-01-1.197776645e-01-1.303475946e-01-1.406574845e-01-1.506720037e-01
-1.603466421e-01-1.696266085e-01-1.784463227e-01-1.867292821e-01-1.943882703e-01
-2.013265341e-01-2.074396908e-01-2.126192152e-01-2.167570144e-01-2.197512090e-01
-2.215119153e-01-2.219666392e-01-2.210639268e-01-2.187752128e-01-2.150949836e-01
-2.100392878e-01-2.036432326e-01-1.959577501e-01-1.870468855e-01-1.769853234e-01
-1.658563763e-01-1.537498385e-01-1.407589316e-01-1.269750744e-01-1.124799177e-01
-9.733372928e-02-8.156048508e-02-6.513063611e-02-4.794477672e-02-2.982898988e-02
-1.161929034e-02 6.674983088e-03 2.505724318e-02 4.353825375e-02 6.213819608e-02
 8.088818192e-02 9.983161091e-02 1.190257370e-01 1.385436505e-01 1.584766507e-01
 1.789372712e-01 2.000641376e-01 2.220340967e-01 2.451157868e-01 2.693103254e-01
 4.191609100e-02 3.867498785e-02 3.043307181e-02 2.060604279e-02 1.059341527e-02
 3.243442043e-04-1.022545717e-02-2.107022883e-02-3.222354868e-02-4.370050126e-02
-5.557230857e-02-6.758645922e-02-7.959982005e-02-9.153553101e-02-1.033532397e-01
-1.150298715e-01-1.265477389e-01-1.378872842e-01-1.490227133e-01-1.599191874e-01
-1.705310792e-01-1.808006316e-01-1.906567663e-01-2.000142037e-01-2.087727785e-01
-2.168177814e-01-2.240219116e-01-2.302497327e-01-2.353652269e-01-2.392404229e-01
-2.417642176e-01-2.428495437e-01-2.424365878e-01-2.404934466e-01-2.370161712e-01
-2.320279926e-01-2.255759835e-01-2.177257836e-01-2.085572481e-01-1.981599182e-01
-1.866298616e-01-1.740681976e-01-1.605801433e-01-1.462728679e-01-1.312506497e-01
-1.156063005e-01-9.940814224e-02-8.268279582e-02-6.539497526e-02-4.742853717e-02
-2.858170679e-02-9.726954631e-03 9.123051543e-03 2.796368301e-02 4.679905995e-02
 6.564076990e-02 8.450553566e-02 1.034126878e-01 1.223805696e-01 1.414206773e-01
 1.605268419e-01 1.796541065e-01 1.986744553e-01 2.172794640e-01 2.348192930e-01
 4.358875757e-02 4.033198583e-02 3.148998317e-02 2.115954275e-02 1.065265384e-02
-8.648750372e-05-1.109681089e-02-2.240935893e-02-3.405097866e-02-4.604671526e-02
-5.841241038e-02-7.091836628e-02-8.343961087e-02-9.591297802e-02-1.083081513e-01
-1.206094697e-01-1.328046918e-01-1.448782534e-01-1.568071693e-01-1.685583443e-01
-1.800865084e-01-1.913323700e-01-2.022204250e-01-2.126564234e-01-2.225250303e-01
-2.316882312e-01-2.399869412e-01-2.472475916e-01-2.533009350e-01-2.579993010e-01
-2.612241209e-01-2.628874779e-01-2.629303336e-01-2.613198161e-01-2.580475807e-01
-2.531304955e-01-2.466128021e-01-2.385683656e-01-2.290987670e-01-2.183195055e-01
-2.063475847e-01-1.932997554e-01-1.792927086e-01-1.644444764e-01-1.488736123e-01
-1.326945126e-01-1.160075590e-01-9.888391196e-02-8.134565502e-02-6.334344299e-02
-4.473769664e-02-2.529985829e-02-5.975919314e-03 1.319941133e-02 3.221927584e-02
 5.108338595e-02 6.979022920e-02 8.833237737e-02 1.066914722e-01 1.248312071e-01
 1.426869035e-01 1.601504236e-01 1.770508140e-01 1.931364387e-01 2.080776840e-01
 4.402090606e-02 4.063396534e-02 3.189002717e-02 2.131238586e-02 1.049899127e-02
-5.746379611e-04-1.194058725e-02-2.363109397e-02-3.567818558e-02-4.811415070e-02
-6.090647730e-02-7.384315875e-02-8.681394160e-02-9.976720065e-02-1.126815229e-01
-1.255481243e-01-1.383602024e-01-1.511066556e-01-1.637681574e-01-1.763144135e-01
-1.887018234e-01-2.008705288e-01-2.127405256e-01-2.242062688e-01-2.351301015e-01
-2.453360558e-01-2.546157539e-01-2.627605200e-01-2.695859075e-01-2.749440372e-01
-2.787257135e-01-2.808562517e-01-2.812879980e-01-2.799930572e-01-2.769593596e-01
-2.721909582e-01-2.657131851e-01-2.575807273e-01-2.478852719e-01-2.367568463e-01
-2.243522108e-01-2.108232230e-01-1.963075102e-01-1.809351891e-01-1.648343354e-01
-1.481319964e-01-1.309486777e-01-1.133861244e-01-9.550919383e-02-7.732357831e-02
-5.875384434e-02-3.963285312e-02-1.973329484e-02-2.167315388e-04 1.897053607e-02
 3.784347698e-02 5.639805645e-02 7.461643964e-02 9.246645123e-02 1.098982915e-01
 1.268399060e-01 1.431920677e-01 1.588250697e-01 1.735803783e-01 1.872805953e-01
 4.432712498e-02 4.085615644e-02 3.192219132e-02 2.118180136e-02 1.018098649e-02
-1.107841788e-03-1.271535183e-02-2.467440622e-02-3.702282166e-02-4.981498048e-02
-6.296201801e-02-7.626081255e-02-8.961174643e-02-1.029726490e-01-1.163298562e-01
-1.296809017e-01-1.430242657e-01-1.563534588e-01-1.696532070e-01-1.828966438e-01
-1.960422992e-01-2.090296447e-01-2.217723280e-01-2.341476232e-01-2.459818572e-01
-2.570453584e-01-2.670916021e-01-2.758944333e-01-2.832696736e-01-2.890825868e-01
-2.932451069e-01-2.957052886e-01-2.964343429e-01-2.954149544e-01-2.926341296e-01
-2.880828083e-01-2.817624211e-01-2.736971975e-01-2.639488578e-01-2.526285946e-01
-2.398990393e-01-2.259570211e-01-2.109880000e-01-1.951465309e-01-1.785722524e-01
-1.614002735e-01-1.437621117e-01-1.257773489e-01-1.075366587e-01-8.907759935e-02
-7.035418599e-02-5.120169371e-02-3.130034730e-02-1.166080870e-02 7.615498266e-03
 2.648648433e-02 4.492587223e-02 6.290672719e-02 8.039411158e-02 9.734125436e-02
 1.136874110e-01 1.293570697e-01 1.442611665e-01 1.583006978e-01 1.713738143e-01
 4.435116056e-02 4.081019753e-02 3.166763863e-02 2.085628358e-02 9.776548453e-03
-1.615808869e-03-1.335056691e-02-2.545020723e-02-3.793016070e-02-5.105478695e-02
-6.449919939e-02-7.808802280e-02-9.173839545e-02-1.054190174e-01-1.191238687e-01
-1.328563095e-01-1.466196776e-01-1.604117154e-01-1.742210090e-01-1.880239397e-01
-2.017807811e-01-2.154294252e-01-2.288745939e-01-2.419701815e-01-2.544960678e-01
-2.661811113e-01-2.767560780e-01-2.859891355e-01-2.937047183e-01-2.997875512e-01
-3.041743636e-01-3.068386614e-01-3.077726364e-01-3.069716990e-01-3.044246137e-01
-3.001120984e-01-2.940137982e-01-2.861232460e-01-2.764674723e-01-2.651264370e-01
-2.522452474e-01-2.380298078e-01-2.227146775e-01-2.065003663e-01-1.895466298e-01
-1.719973385e-01-1.539913565e-01-1.356602311e-01-1.171151772e-01-9.842649847e-02
-7.959863544e-02-6.054720283e-02-4.109241441e-02-2.100870013e-02-1.521627190e-03
 1.741236448e-02 3.580312059e-02 5.364070832e-02 7.090101391e-02 8.754817397e-02
 1.035360098e-01 1.188096181e-01 1.333076507e-01 1.469657272e-01 1.597209424e-01
 4.362668470e-02 3.994065523e-02 3.107691737e-02 2.039640956e-02 9.378390358e-03
-2.020037704e-03-1.381112263e-02-2.600437595e-02-3.861371431e-02-5.189645296e-02
-6.551175559e-02-7.928222415e-02-9.312762317e-02-1.070204303e-01-1.209584399e-01
-1.349485219e-01-1.489973218e-01-1.631056667e-01-1.772650778e-01-1.914543063e-01
-2.056346983e-01-2.197419554e-01-2.336714864e-01-2.472532391e-01-2.602303028e-01
-2.723066509e-01-2.832008898e-01-2.926813066e-01-3.005825579e-01-3.068067431e-01
-3.113117516e-01-3.140919805e-01-3.151569366e-01-3.145130575e-01-3.121519387e-01
-3.080479503e-01-3.021652400e-01-2.944738567e-01-2.849722207e-01-2.737114131e-01
-2.608139813e-01-2.464784682e-01-2.309581637e-01-2.145005167e-01-1.972920299e-01
-1.794869006e-01-1.612289697e-01-1.426557600e-01-1.238889098e-01-1.050144881e-01
-8.605688811e-02-6.694959849e-02-4.750836269e-02-2.741920947e-02-7.910520762e-03
 1.101903991e-02 2.936473675e-02 4.711320624e-02 6.424236296e-02 8.072206378e-02
 9.651519360e-02 1.115792766e-01 1.258685887e-01 1.393368244e-01 1.519403756e-01
 4.254418609e-02 3.848449135e-02 3.036928366e-02 2.015763338e-02 9.239521867e-03
-2.156811068e-03-1.398142986e-02-2.622627845e-02-3.890094528e-02-5.225278440e-02
-6.594173610e-02-7.979151607e-02-9.372349078e-02-1.077119932e-01-1.217566729e-01
-1.358662397e-01-1.500490755e-01-1.643077284e-01-1.786352992e-01-1.930118800e-01
-2.073993683e-01-2.217321694e-01-2.359002083e-01-2.497193366e-01-2.629151940e-01
-2.751803994e-01-2.862285674e-01-2.958287299e-01-3.038213253e-01-3.101178706e-01
-3.146874905e-01-3.175357878e-01-3.186816275e-01-3.181377053e-01-3.158978224e-01
-3.119336665e-01-3.062017262e-01-2.986596525e-01-2.892899811e-01-2.781264782e-01
-2.652764916e-01-2.509298325e-01-2.353433967e-01-2.187875807e-01-2.014696896e-01
-1.835515201e-01-1.651795805e-01-1.464935243e-01-1.276188344e-01-1.086479351e-01
-8.961378038e-02-7.045909762e-02-5.100709944e-02-3.094715997e-02-1.145746187e-02
 7.451083045e-03 2.576645463e-02 4.347188027e-02 6.054478510e-02 7.695669679e-02
 9.267386793e-02 1.076585651e-01 1.218708977e-01 1.352711618e-01 1.478224844e-01
 4.431881011e-02 4.071888331e-02 3.161180770e-02 2.072418859e-02 9.563182422e-03
-1.940113463e-03-1.381381886e-02-2.607718852e-02-3.875049955e-02-5.209064850e-02
-6.576117128e-02-7.958864424e-02-9.349619603e-02-1.074591874e-01-1.214778647e-01
-1.355613321e-01-1.497181952e-01-1.639512479e-01-1.782537252e-01-1.926059276e-01
-2.069700956e-01-2.212812901e-01-2.354309261e-01-2.492378354e-01-2.624304593e-01
-2.747026384e-01-2.857678533e-01-2.953940332e-01-3.034199178e-01-3.097552359e-01
-3.143673837e-01-3.172606528e-01-3.184533119e-01-3.179578781e-01-3.157684505e-01
-3.118571639e-01-3.061809540e-01-2.986974716e-01-2.893887162e-01-2.782872617e-01
-2.654986381e-01-2.512106001e-01-2.356783599e-01-2.191722542e-01-2.019003183e-01
-1.840241849e-01-1.656897366e-01-1.470361203e-01-1.281886548e-01-1.092403829e-01
-9.022571147e-02-7.108984143e-02-5.165912957e-02-3.162577375e-02-1.215560549e-02
 6.741129342e-03 2.505278588e-02 4.276268557e-02 5.984800680e-02 7.627957315e-02
 9.202237427e-02 1.070367321e-01 1.212801933e-01 1.347099542e-01 1.472858042e-01
 4.493470487e-02 4.142986986e-02 3.230858222e-02 2.128181790e-02 1.001392584e-02
-1.534815587e-03-1.340281122e-02-2.562121858e-02-3.821360326e-02-5.144154653e-02
-6.498708582e-02-7.868178186e-02-9.244895721e-02-1.062626689e-01-1.201215536e-01
-1.340330988e-01-1.480043978e-01-1.620367765e-01-1.761221290e-01-1.902397871e-01
-2.043519617e-01-2.183961869e-01-2.322716415e-01-2.458158285e-01-2.587808073e-01
-2.708745301e-01-2.818159163e-01-2.913704217e-01-2.993681133e-01-3.057059049e-01
-3.103367984e-01-3.132515550e-01-3.144575357e-01-3.139605224e-01-3.117527068e-01
-3.078095019e-01-3.020958602e-01-2.945816517e-01-2.852634490e-01-2.741885781e-01
-2.614743114e-01-2.473134547e-01-2.319552004e-01-2.156478316e-01-1.985791028e-01
-1.809022129e-01-1.627590954e-01-1.442857683e-01-1.256035566e-01-1.068004593e-01
-8.790544421e-02-6.885933875e-02-4.948689417e-02-2.948112599e-02-1.003314835e-02
 8.859861657e-03 2.719423174e-02 4.495713487e-02 6.212617460e-02 7.866953312e-02
 9.454658629e-02 1.097090691e-01 1.241030619e-01 1.376720518e-01 1.503609717e-01
 4.529653868e-02 4.190373054e-02 3.252679104e-02 2.154169412e-02 1.033999864e-02
-1.120367902e-03-1.287816188e-02-2.497468522e-02-3.745570785e-02-5.038232729e-02
-6.366153806e-02-7.710085812e-02-9.060965484e-02-1.041532532e-01-1.177243590e-01
-1.313260943e-01-1.449620277e-01-1.586304010e-01-1.723204106e-01-1.860091836e-01
-1.996582449e-01-2.132078558e-01-2.265674472e-01-2.396000028e-01-2.520996928e-01
-2.638039887e-01-2.744456232e-01-2.837898731e-01-2.916551530e-01-2.979185581e-01
-3.025095761e-01-3.053958118e-01-3.065657318e-01-3.060130775e-01-3.037266135e-01
-2.996876836e-01-2.938762009e-01-2.862842977e-01-2.769352496e-01-2.659027278e-01
-2.533236742e-01-2.393961847e-01-2.243512422e-01-2.083916813e-01-1.916769147e-01
-1.743482947e-01-1.565415114e-01-1.383857727e-01-1.199923307e-01-1.014351100e-01
-8.272664994e-02-6.379486620e-02-4.447304086e-02-2.453744037e-02-5.156835527e-03
 1.371276096e-02 3.208314627e-02 4.994662107e-02 6.728046385e-02 8.404812965e-02
 1.001992375e-01 1.156697944e-01 1.303835959e-01 1.442556978e-01 1.571986228e-01
 4.455733669e-02 4.121876878e-02 3.225990391e-02 2.145380533e-02 1.045606937e-02
-7.711532235e-04-1.227163893e-02-2.408862297e-02-3.626406568e-02-4.883826894e-02
-6.177100906e-02-7.486297196e-02-8.801443875e-02-1.011824310e-01-1.143528596e-01
-1.275232882e-01-1.406926364e-01-1.538550853e-01-1.669961960e-01-1.800901591e-01
-1.930969804e-01-2.059586347e-01-2.185932249e-01-2.308861762e-01-2.426778376e-01
-2.537537515e-01-2.638735473e-01-2.728103399e-01-2.803743184e-01-2.864227295e-01
-2.908588350e-01-2.936231792e-01-2.946815193e-01-2.940132022e-01-2.916035354e-01
-2.874423564e-01-2.815293372e-01-2.738851011e-01-2.645651400e-01-2.536720037e-01
-2.413590700e-01-2.278165072e-01-2.132301927e-01-1.977545321e-01-1.815266758e-01
-1.646777838e-01-1.473353952e-01-1.296166182e-01-1.116129085e-01-9.336761384e-02
-7.484705746e-02-5.590615793e-02-3.624875843e-02-1.680912639e-02 2.314851852e-03
 2.108781783e-02 3.949066994e-02 5.750434847e-02 7.510153201e-02 9.224088493e-02
 1.088620573e-01 1.248810515e-01 1.401873678e-01 1.546453834e-01 1.681031436e-01
 4.341439155e-02 4.015502709e-02 3.140594068e-02 2.091058713e-02 1.028299605e-02
-5.461689434e-04-1.163439831e-02-2.302681279e-02-3.476138040e-02-4.687239227e-02
-5.936329070e-02-7.201841468e-02-8.472386751e-02-9.742534155e-02-1.100999266e-01
-1.227383241e-01-1.353339404e-01-1.478763670e-01-1.603472680e-01-1.727177053e-01
-1.849458069e-01-1.969742477e-01-2.087269872e-01-2.201047987e-01-2.309800386e-01
-2.411915064e-01-2.505442798e-01-2.588337958e-01-2.658732236e-01-2.715080082e-01
-2.756206989e-01-2.781284153e-01-2.789763808e-01-2.781312466e-01-2.755765617e-01
-2.713123560e-01-2.653590143e-01-2.577646673e-01-2.486123890e-01-2.380228937e-01
-2.261458337e-01-2.131313384e-01-1.991157681e-01-1.842268705e-01-1.685891747e-01
-1.523256898e-01-1.355535686e-01-1.183731779e-01-1.008510813e-01-8.299856631e-02
-6.474999339e-02-4.595201091e-02-2.639621121e-02-7.159473374e-03 1.180777975e-02
 3.052535281e-02 4.900066552e-02 6.723242255e-02 8.520866184e-02 1.029012650e-01
 1.202571839e-01 1.371854544e-01 1.535404772e-01 1.691067815e-01 1.836013495e-01
 4.145272450e-02 3.821014984e-02 2.960986833e-02 1.976676466e-02 9.788263531e-03
-4.421755730e-04-1.096514519e-02-2.180582652e-02-3.298631316e-02-4.452904314e-02
-5.648907644e-02-6.862752134e-02-8.081143349e-02-9.297195083e-02-1.050752849e-01
-1.171040013e-01-1.290454119e-01-1.408843994e-01-1.525990217e-01-1.641577184e-01
-1.755172610e-01-1.866210103e-01-1.973971277e-01-2.077565193e-01-2.175909429e-01
-2.267717570e-01-2.351510078e-01-2.425664216e-01-2.488522828e-01-2.538582087e-01
-2.574595213e-01-2.595607340e-01-2.600948215e-01-2.590212524e-01-2.563244104e-01
-2.520135045e-01-2.461245507e-01-2.387222797e-01-2.298991233e-01-2.197641134e-01
-2.084303051e-01-1.960117966e-01-1.826228649e-01-1.683789343e-01-1.533962190e-01
-1.377878934e-01-1.216553897e-01-1.050737947e-01-8.807153256e-02-7.060405613e-02
-5.252200362e-02-3.353454173e-02-1.459190159e-02 4.242698633e-03 2.296098135e-02
 4.157484694e-02 6.010403486e-02 7.857078311e-02 9.699591994e-02 1.153935790e-01
 1.337619424e-01 1.520650983e-01 1.701948196e-01 1.878867597e-01 2.045813650e-01
 3.754428032e-02 3.391691668e-02 2.694386247e-02 1.836762203e-02 9.238268220e-03
-2.908022725e-04-1.017149730e-02-2.038917871e-02-3.094291498e-02-4.183907810e-02
-5.319755524e-02-6.475458288e-02-7.635673130e-02-8.791905647e-02-9.939562529e-02
-1.107600555e-01-1.219931766e-01-1.330753118e-01-1.439815014e-01-1.546785384e-01
-1.651230007e-01-1.752599925e-01-1.850220113e-01-1.943283081e-01-2.030843348e-01
-2.111821324e-01-2.185018212e-01-2.249151767e-01-2.302915156e-01-2.345055788e-01
-2.374452203e-01-2.390181720e-01-2.391569168e-01-2.378207296e-01-2.349960953e-01
-2.306959629e-01-2.249571383e-01-2.178363204e-01-2.094060778e-01-1.997504532e-01
-1.889612228e-01-1.771361977e-01-1.643781811e-01-1.507933438e-01-1.364876330e-01
-1.215597913e-01-1.060903445e-01-9.012615678e-02-7.366143166e-02-5.661894752e-02
-3.884459662e-02-2.013717964e-02-1.601499855e-03 1.684565100e-02 3.525844960e-02
 5.368445072e-02 7.217417654e-02 9.078608450e-02 1.095898748e-01 1.286694109e-01
 1.481257378e-01 1.680815368e-01 1.886917949e-01 2.101902216e-01 2.325790972e-01
 3.616034612e-02 3.277429938e-02 2.590602079e-02 1.767538862e-02 9.078522184e-03
 1.318322174e-04-9.146194905e-03-1.874271972e-02-2.864980514e-02-3.885956478e-02
-4.955711964e-02-6.047537917e-02-7.144520429e-02-8.236543837e-02-9.317673743e-02
-1.038426906e-01-1.143370271e-01-1.246354878e-01-1.347105801e-01-1.445283592e-01
-1.540464759e-01-1.632130443e-01-1.719659567e-01-1.802327632e-01-1.879310161e-01
-1.949690729e-01-2.012479157e-01-2.066639661e-01-2.111129760e-01-2.144949585e-01
-2.167194635e-01-2.177104951e-01-2.174105942e-01-2.157832682e-01-2.128139437e-01
-2.085091621e-01-2.028948367e-01-1.960135847e-01-1.879221797e-01-1.786890775e-01
-1.683924198e-01-1.571181416e-01-1.449575871e-01-1.320037991e-01-1.183456481e-01
-1.040591672e-01-8.919543029e-02-7.376467438e-02-5.771543455e-02-4.090569538e-02
-2.312945203e-02-5.326426108e-03 1.249329560e-02 3.035058265e-02 4.828170313e-02
 6.633567062e-02 8.457636833e-02 1.030869633e-01 1.219764053e-01 1.413886101e-01
 1.615159213e-01 1.826193034e-01 2.050597816e-01 2.293438166e-01 2.551203371e-01
 3.524637221e-02 3.205681220e-02 2.534236573e-02 1.744857433e-02 9.280886472e-03
 8.340066997e-04-7.891912013e-03-1.689799127e-02-2.618864545e-02-3.577443963e-02
-4.567879063e-02-5.587844175e-02-6.616353244e-02-7.640550286e-02-8.652616286e-02
-9.647616002e-02-1.062207669e-01-1.157305390e-01-1.249755099e-01-1.339215338e-01
-1.425281167e-01-1.507472843e-01-1.585230381e-01-1.657915265e-01-1.724815220e-01
-1.785156131e-01-1.838118136e-01-1.882859022e-01-1.918543279e-01-1.944376230e-01
-1.959639192e-01-1.963723600e-01-1.956159323e-01-1.936634033e-01-1.905002892e-01
-1.861288250e-01-1.805671751e-01-1.738481224e-01-1.660176069e-01-1.571328193e-01
-1.472602337e-01-1.364727319e-01-1.248456612e-01-1.124513224e-01-9.935154769e-02
-8.558879046e-02-7.117744532e-02-5.609941111e-02-4.031536354e-02-2.356554756e-02
-6.729715504e-03 1.019770370e-02 2.722157913e-02 4.435693099e-02 6.163208190e-02
 7.909094542e-02 9.679635617e-02 1.148351580e-01 1.333257705e-01 1.524292528e-01
 1.723650247e-01 1.934324205e-01 2.160358280e-01 2.407015562e-01 2.669143974e-01
 3.425452486e-02 3.123388256e-02 2.492659539e-02 1.739088629e-02 9.647560335e-03
 1.692700709e-03-6.482590004e-03-1.488685611e-02-2.352791472e-02-3.241222352e-02
-4.154245558e-02-5.100266633e-02-6.057668480e-02-7.011971623e-02-7.953748104e-02
-8.876781908e-02-9.776686135e-02-1.064994857e-01-1.149329618e-01-1.230329275e-01
-1.307609230e-01-1.380731166e-01-1.449197531e-01-1.512452513e-01-1.569887697e-01
-1.620852500e-01-1.664669364e-01-1.700651646e-01-1.728126705e-01-1.746459305e-01
-1.755077392e-01-1.753495634e-01-1.741335540e-01-1.718340814e-01-1.684386432e-01
-1.639482080e-01-1.583769917e-01-1.517516673e-01-1.441101730e-01-1.354998201e-01
-1.259744763e-01-1.155906394e-01-1.044016182e-01-9.244960548e-02-7.975535843e-02
-6.630551814e-02-5.204159395e-02-3.684912992e-02-2.145759387e-02-5.785842397e-03
 1.008596641e-02 2.611744593e-02 4.229065777e-02 5.860405786e-02 7.507080583e-02
 9.171920270e-02 1.085946784e-01 1.257632822e-01 1.433169544e-01 1.613815278e-01
 1.801292747e-01 1.998002380e-01 2.207451462e-01 2.435233593e-01 2.671674490e-01
 3.332836925e-02 3.051169962e-02 2.443298322e-02 1.726904322e-02 9.983447380e-03
 2.553491635e-03-5.041239303e-03-1.281744151e-02-2.078812942e-02-2.896383594e-02
-3.735474870e-02-4.597525665e-02-5.478236076e-02-6.359656161e-02-7.229927176e-02
-8.081124723e-02-8.907701817e-02-9.705415371e-02-1.047061012e-01-1.119975596e-01
-1.188915968e-01-1.253480911e-01-1.313229650e-01-1.367681473e-01-1.416319608e-01
-1.458600313e-01-1.493964792e-01-1.521853357e-01-1.541723161e-01-1.553066074e-01
-1.555427015e-01-1.548420936e-01-1.531749070e-01-1.505209357e-01-1.468705237e-01
-1.422248632e-01-1.365958005e-01-1.300050914e-01-1.224829629e-01-1.140659154e-01
-1.047932953e-01-9.470237790e-02-8.382163194e-02-7.216141370e-02-5.970299619e-02
-4.637721556e-02-3.207928689e-02-1.758537631e-02-2.897105660e-03 1.198348589e-02
 2.703485076e-02 4.223379865e-02 5.756182972e-02 7.300765066e-02 8.856844905e-02
 1.042509153e-01 1.200721189e-01 1.360604018e-01 1.522560716e-01 1.687114835e-01
 1.854895353e-01 2.026586532e-01 2.202757447e-01 2.383070886e-01 2.558753193e-01
 3.198215362e-02 2.933863734e-02 2.354360184e-02 1.683922482e-02 1.010401919e-02
 3.278529723e-03-3.674228938e-03-1.077636334e-02-1.804052293e-02-2.547325188e-02
-3.307630122e-02-4.084558046e-02-4.885579279e-02-5.691656473e-02-6.489222497e-02
-7.268752152e-02-8.023436373e-02-8.748148379e-02-9.438700971e-02-1.009133980e-01
-1.070241333e-01-1.126817614e-01-1.178468466e-01-1.224776432e-01-1.265303046e-01
-1.299594343e-01-1.327190251e-01-1.347635835e-01-1.360493749e-01-1.365358532e-01
-1.361869275e-01-1.349723339e-01-1.328687370e-01-1.298605055e-01-1.259403080e-01
-1.211091131e-01-1.153756902e-01-1.087555363e-01-1.012690142e-01-9.293890001e-02
-8.378688991e-02-7.382892819e-02-6.307082622e-02-5.149832369e-02-3.910745305e-02
-2.573667096e-02-1.214887014e-02 1.649544429e-03 1.564259638e-02 2.980881740e-02
 4.412174223e-02 5.855294691e-02 7.307466122e-02 8.766151214e-02 1.022916212e-01
 1.169470400e-01 1.316135078e-01 1.462792903e-01 1.609322876e-01 1.755545736e-01
 1.901120245e-01 2.045354098e-01 2.186858058e-01 2.322920709e-01 2.448530496e-01
 2.956460232e-02 2.693565747e-02 2.179616129e-02 1.587391458e-02 9.902812511e-03
 3.809265792e-03-2.427225932e-03-8.812844695e-03-1.534846611e-02-2.203241544e-02
-2.886174427e-02-3.583344066e-02-4.294694960e-02-5.019310117e-02-5.740895501e-02
-6.447696686e-02-7.131200284e-02-7.785062486e-02-8.404300368e-02-8.984725922e-02
-9.522549811e-02-1.001413762e-01-1.045586243e-01-1.084403545e-01-1.117489561e-01
-1.144463643e-01-1.164946481e-01-1.178568005e-01-1.184976324e-01-1.183847486e-01
-1.174895019e-01-1.157878563e-01-1.132611855e-01-1.098967567e-01-1.056878195e-01
-1.006331593e-01-9.473618121e-02-8.800303192e-02-8.043967184e-02-7.205002013e-02
-6.283395736e-02-5.277948457e-02-4.188817364e-02-3.001712816e-02-1.782696883e-02
-5.240892511e-03 7.660439267e-03 2.082128076e-02 3.419573978e-02 4.774115977e-02
 6.141512841e-02 7.517467438e-02 8.897644278e-02 1.027771979e-01 1.165342256e-01
 1.302054674e-01 1.437490284e-01 1.571216732e-01 1.702760011e-01 1.831554025e-01
 1.956864595e-01 2.077680976e-01 2.192590534e-01 2.299683391e-01 2.396619916e-01
 2.633071694e-02 2.346906811e-02 1.940598714e-02 1.465830581e-02 9.579036370e-03
 4.263767070e-03-1.240618119e-03-6.907948700e-03-1.272068819e-02-1.866525967e-02
-2.473002678e-02-3.090436567e-02-3.717806935e-02-4.354025802e-02-4.994964597e-02
-5.626554793e-02-6.238327545e-02-6.822422895e-02-7.372786847e-02-7.884547120e-02
-8.353558180e-02-8.776097000e-02-9.148666268e-02-9.467886385e-02-9.730442610e-02
-9.933082762e-02-1.007263810e-01-1.014607102e-01-1.015052572e-01-1.008337587e-01
-9.942274541e-02-9.725205603e-02-9.430532160e-02-9.057026351e-02-8.603833616e-02
-8.070354158e-02-7.456185675e-02-6.760921326e-02-5.983013290e-02-5.120255047e-02
-4.172185066e-02-3.126096347e-02-2.041252895e-02-9.095821501e-03 2.629487746e-03
 1.472524367e-02 2.714293452e-02 3.983179855e-02 5.274010822e-02 6.581459939e-02
 7.899972054e-02 9.223730861e-02 1.054666340e-01 1.186249033e-01 1.316479296e-01
 1.444708705e-01 1.570287049e-01 1.692561805e-01 1.810870618e-01 1.924521922e-01
 2.032766640e-01 2.134766430e-01 2.229571044e-01 2.316129058e-01 2.393354773e-01
 2.458034275e-02 2.183874699e-02 1.816293603e-02 1.396844449e-02 9.513297991e-03
 4.840083828e-03-1.431090641e-05-5.020528566e-03-1.015507427e-02-1.539826393e-02
-2.073264122e-02-2.614186335e-02-3.160985181e-02-3.712010381e-02-4.265514016e-02
-4.817208645e-02-5.354614931e-02-5.868094048e-02-6.350266928e-02-6.795322153e-02
-7.198514047e-02-7.555794722e-02-7.863571492e-02-8.118556443e-02-8.317675447e-02
-8.458025014e-02-8.536864078e-02-8.551631874e-02-8.499956879e-02-8.379646391e-02
-8.188620949e-02-7.924925530e-02-7.586811477e-02-7.172836357e-02-6.681849065e-02
-6.112285703e-02-5.462930721e-02-4.735591629e-02-3.924442455e-02-3.016880524e-02
-2.064680497e-02-1.059672426e-02-6.504423800e-05 1.092177068e-02 2.232779373e-02
 3.411320219e-02 4.623290151e-02 5.863663557e-02 7.126890124e-02 8.406846973e-02
 9.696797284e-02 1.098936424e-01 1.227656528e-01 1.354990453e-01 1.480053515e-01
 1.601948590e-01 1.719791145e-01 1.832736284e-01 1.939999164e-01 2.040869147e-01
 2.134712637e-01 2.220970393e-01 2.299152463e-01 2.368840575e-01 2.429702581e-01
 2.355775976e-02 2.097531038e-02 1.757889424e-02 1.375740857e-02 9.751587146e-03
 5.583394755e-03 1.275274197e-03-3.150657780e-03-7.673366403e-03-1.227286545e-02
-1.692983319e-02-2.162512398e-02-2.633926092e-02-3.105190583e-02-3.574129200e-02
-4.038347671e-02-4.495962334e-02-4.935036605e-02-5.346912149e-02-5.724640185e-02
-6.062647694e-02-6.356277317e-02-6.601567561e-02-6.795064354e-02-6.933681667e-02
-7.014616582e-02-7.035311317e-02-6.993482265e-02-6.887160987e-02-6.714647269e-02
-6.473888454e-02-6.162457916e-02-5.777811634e-02-5.317993835e-02-4.783666137e-02
-4.169397062e-02-3.463979063e-02-2.710332914e-02-1.898402156e-02-1.025094365e-02
-9.607482352e-04 8.860402711e-03 1.918391144e-02 2.998093329e-02 4.121939087e-02
 5.286271876e-02 6.486856937e-02 7.718756053e-02 8.976195010e-02 1.025242582e-01
 1.153959855e-01 1.282867342e-01 1.410941928e-01 1.537052691e-01 1.659990549e-01
 1.778512746e-01 1.891406030e-01 1.997554303e-01 2.096005529e-01 2.186022103e-01
 2.267110646e-01 2.339023501e-01 2.401738316e-01 2.455419600e-01 2.500374913e-01
 2.292313430e-02 2.051268888e-02 1.732098305e-02 1.379893807e-02 1.015804341e-02
 6.409155729e-03 2.566976415e-03-1.352139632e-03-5.330664077e-03-9.350178792e-03
-1.339147895e-02-1.743453549e-02-2.145835388e-02-2.544077672e-02-2.935825664e-02
-3.318568313e-02-3.689645609e-02-4.046088085e-02-4.381766164e-02-4.687931010e-02
-4.958217969e-02-5.186865109e-02-5.369205403e-02-5.501352996e-02-5.579956627e-02
-5.601996928e-02-5.564697832e-02-5.465611437e-02-5.303124333e-02-5.078017706e-02
-4.788098109e-02-4.429433492e-02-3.996145350e-02-3.478902957e-02-2.911714651e-02
-2.285718179e-02-1.597642343e-02-8.512190543e-03-4.705129541e-04 8.143368119e-03
 1.731422363e-02 2.702545005e-02 3.725863996e-02 4.799315700e-02 5.920499930e-02
 7.086536285e-02 8.293890947e-02 9.538169208e-02 1.081385762e-01 1.211403683e-01
 1.343006343e-01 1.475127489e-01 1.606477946e-01 1.735544950e-01 1.860626042e-01
 1.979907155e-01 2.091589123e-01 2.194042206e-01 2.285961807e-01 2.366489321e-01
 2.435275763e-01 2.492480576e-01 2.538704872e-01 2.574874758e-01 2.602095008e-01
 2.238356319e-02 2.011687495e-02 1.715782285e-02 1.390318287e-02 1.058097929e-02
 7.198552659e-03 3.765312198e-03 2.936054370e-04-3.201610467e-03-6.703237130e-03
-1.019242403e-02-1.364881083e-02-1.705063510e-02-2.037471163e-02-2.359630354e-02
-2.668886629e-02-2.962358674e-02-3.236845508e-02-3.488688546e-02-3.714318952e-02
-3.911658001e-02-4.070889211e-02-4.186704379e-02-4.254826909e-02-4.271673781e-02
-4.233804712e-02-4.137522727e-02-3.978188706e-02-3.748942169e-02-3.471983603e-02
-3.140686452e-02-2.750866857e-02-2.299860492e-02-1.786967186e-02-1.215860251e-02
-5.870160181e-03 9.954768466e-04 8.432934963e-03 1.643850090e-02 2.500882000e-02
 3.413927931e-02 4.382424796e-02 5.405690521e-02 6.482875347e-02 7.612867648e-02
 8.794154230e-02 1.002461761e-01 1.130126714e-01 1.261986047e-01 1.397441626e-01
 1.535658092e-01 1.675487160e-01 1.815387458e-01 1.953356415e-01 2.086917907e-01
 2.213218808e-01 2.329280823e-01 2.432374507e-01 2.520402074e-01 2.592168450e-01
 2.647500336e-01 2.687230706e-01 2.713050842e-01 2.727223038e-01 2.732191682e-01
 2.182460015e-02 1.967862062e-02 1.691176367e-02 1.390940970e-02 1.088669343e-02
 7.840976119e-03 4.776613816e-03 1.703958900e-03-1.362559327e-03-4.405670305e-03
-7.405999117e-03-1.034250384e-02-1.319272813e-02-1.593291390e-02-1.853802422e-02
-2.098166759e-02-2.323596363e-02-2.527133742e-02-2.705644997e-02-2.855853181e-02
-2.974279219e-02-3.056652096e-02-3.099072535e-02-3.098087202e-02-3.050656611e-02
-2.954079589e-02-2.805981968e-02-2.604468170e-02-2.348706310e-02-2.040624246e-02
-1.679805858e-02-1.265209907e-02-7.959066919e-03-2.714692673e-03 3.079161310e-03
 9.422453120e-03 1.631676027e-02 2.376431038e-02 3.176836672e-02 4.033320025e-02
 4.946388307e-02 5.916623404e-02 6.944667545e-02 8.031194654e-02 9.176850313e-02
 1.038215160e-01 1.164731681e-01 1.297200769e-01 1.435491890e-01 1.579315811e-01
 1.728130430e-01 1.881003529e-01 2.036412657e-01 2.191979587e-01 2.344173491e-01
 2.488175481e-01 2.618308961e-01 2.729212940e-01 2.817038894e-01 2.879928350e-01
 2.917992174e-01 2.933255136e-01 2.929579616e-01 2.912153005e-01 2.886268497e-01
 2.103709796e-02 1.894979362e-02 1.638254899e-02 1.368858106e-02 1.098304801e-02
 8.260536968e-03 5.531962495e-03 2.812780964e-03 1.210404153e-04-2.523349540e-03
-5.099018599e-03-7.583407685e-03-9.952970839e-03-1.218333098e-02-1.424939564e-02
-1.612543495e-02-1.778513374e-02-1.920163259e-02-2.034758398e-02-2.119522734e-02
-2.171639906e-02-2.188258059e-02-2.166662368e-02-2.104372904e-02-1.999190816e-02
-1.849220885e-02-1.652900688e-02-1.409058186e-02-1.116989367e-02-7.764412498e-03
-3.870271787e-03 5.178105203e-04 5.405464239e-03 1.079785737e-02 1.669974250e-02
 2.311663327e-02 3.005539812e-02 3.752454373e-02 4.553450650e-02 5.409789828e-02
 6.322973961e-02 7.294773310e-02 8.327252418e-02 9.422802186e-02 1.058415770e-01
 1.181440651e-01 1.311695576e-01 1.449544579e-01 1.595353335e-01 1.749447733e-01
 1.912035644e-01 2.083065510e-01 2.261972576e-01 2.447202057e-01 2.635233104e-01
 2.818449437e-01 2.982890904e-01 3.114696443e-01 3.207625448e-01 3.260114789e-01
 3.272805214e-01 3.248577118e-01 3.194440603e-01 3.124141097e-01 3.052152098e-01
 1.998759995e-02 1.785051264e-02 1.561859815e-02 1.328442615e-02 1.087925953e-02
 8.441373735e-03 5.998985347e-03 3.576681309e-03 1.198156184e-03-1.112768747e-03
-3.331814718e-03-5.434211373e-03-7.394799934e-03-9.188205877e-03-1.078903113e-02
-1.217205450e-02-1.331241801e-02-1.418581227e-02-1.476863585e-02-1.503816439e-02
-1.497273517e-02-1.455200004e-02-1.375736672e-02-1.257236121e-02-1.098284309e-02
-8.977092803e-03-6.545812357e-03-3.682035283e-03-3.808565380e-04 3.361254756e-03
 7.547717047e-03 1.218252536e-02 1.727053343e-02 2.281764150e-02 2.883109631e-02
 3.531993926e-02 4.229542983e-02 4.977144679e-02 5.776484311e-02 6.629587713e-02
 7.538869235e-02 8.507195109e-02 9.537962827e-02 1.063520462e-01 1.180372089e-01
 1.304924638e-01 1.437865198e-01 1.580019295e-01 1.732377708e-01 1.896122843e-01
 2.072647661e-01 2.263553292e-01 2.470614016e-01 2.695719004e-01 2.940964401e-01
 3.209973574e-01 3.450547755e-01 3.613950312e-01 3.712326586e-01 3.752014637e-01
 3.727588952e-01 3.644013405e-01 3.493201733e-01 3.323083222e-01 3.193529248e-01
 1.926446517e-02 1.715481648e-02 1.503028913e-02 1.285687179e-02 1.063655873e-02
 8.396225021e-03 6.162964244e-03 3.963553318e-03 1.824699517e-03-2.266956144e-04
-2.163448808e-03-3.958183806e-03-5.583549850e-03-7.012526563e-03-8.218769945e-03
-9.176968655e-03-9.863189363e-03-1.025517104e-02-1.033258162e-02-1.007720927e-02
-9.473103069e-03-8.506679937e-03-7.166782452e-03-5.444668699e-03-3.333911271e-03
-8.301906346e-04 2.069007372e-03 5.364798038e-03 9.057425894e-03 1.314692202e-02
 1.763385165e-02 2.251997034e-02 2.780877429e-02 3.350593153e-02 3.961969170e-02
 4.616125295e-02 5.314508831e-02 6.058926883e-02 6.851581490e-02 7.695109397e-02
 8.592642847e-02 9.547887003e-02 1.056523547e-01 1.164993048e-01 1.280828566e-01
 1.404799968e-01 1.537858396e-01 1.681196838e-01 1.836334914e-01 2.005236000e-01
 2.190468907e-01 2.395413816e-01 2.624495328e-01 2.883377671e-01 3.179068864e-01
 3.495944142e-01 3.737293184e-01 3.901244998e-01 3.992199301e-01 4.006978571e-01
 3.947757781e-01 3.803274631e-01 3.587794900e-01 3.402226269e-01 3.252889812e-01
 1.865567823e-02 1.655863604e-02 1.447659452e-02 1.237095054e-02 1.024011802e-02
 8.106753201e-03 5.996045249e-03 3.935072105e-03 1.952346589e-03 7.748312782e-05
-1.659143018e-03-3.226812056e-03-4.594966827e-03-5.733794009e-03-6.614845275e-03
-7.211649790e-03-7.500274078e-03-7.459793240e-03-7.072632230e-03-6.324773713e-03
-5.205817492e-03-3.708908043e-03-1.830534893e-03 4.297754494e-04 3.069873230e-03
 6.085488538e-03 9.470821358e-03 1.321921492e-02 1.732389632e-02 2.177878475e-02
 2.657929997e-02 3.172315285e-02 3.721101204e-02 4.304707053e-02 4.923946783e-02
 5.580057570e-02 6.274718785e-02 7.010062042e-02 7.788681239e-02 8.613655722e-02
 9.488581118e-02 1.041764170e-01 1.140571013e-01 1.245851368e-01 1.358287036e-01
 1.478703171e-01 1.608118266e-01 1.747816652e-01 1.899458319e-01 2.065247447e-01
 2.248203307e-01 2.452609092e-01 2.684747875e-01 2.953845859e-01 3.269826770e-01
 3.548692465e-01 3.758025467e-01 3.898409903e-01 3.967806995e-01 3.965778053e-01
 3.879424035e-01 3.701407015e-01 3.509328067e-01 3.348954320e-01 3.214090466e-01
 1.807543630e-02 1.595882134e-02 1.386448363e-02 1.176020506e-02 9.641947167e-03
 7.532036892e-03 5.456220359e-03 3.443201713e-03 1.524251817e-03-2.672429546e-04
-1.896343834e-03-3.327281738e-03-4.524333868e-03-5.452824698e-03-6.080184568e-03
-6.376986450e-03-6.317868771e-03-5.882272526e-03-5.054929352e-03-3.826079395e-03
-2.191408101e-03-1.517405617e-04 2.287466807e-03 5.116785440e-03 8.323570743e-03
 1.189279466e-02 1.580793218e-02 2.005191328e-02 2.460815018e-02 2.946161287e-02
 3.459994870e-02 4.001453894e-02 4.570144042e-02 5.166208377e-02 5.790374053e-02
 6.443962449e-02 7.128876453e-02 7.847565407e-02 8.602983505e-02 9.398550546e-02
 1.023813486e-01 1.112606451e-01 1.206717416e-01 1.306690872e-01 1.413147300e-01
 1.526807397e-01 1.648522615e-01 1.779321879e-01 1.920474321e-01 2.073583454e-01
 2.240732462e-01 2.424731702e-01 2.629628479e-01 2.862339020e-01 3.110809624e-01
 3.319138586e-01 3.478964269e-01 3.587170243e-01 3.642665148e-01 3.636945784e-01
 3.567002117e-01 3.438661993e-01 3.314832449e-01 3.201379478e-01 3.098987937e-01
 1.748207211e-02 1.530541477e-02 1.315218955e-02 1.098647900e-02 8.806471771e-03
 6.635938364e-03 4.502641037e-03 2.438308700e-03 4.785197088e-04-1.337618480e-03
-2.968111803e-03-4.369100032e-03-5.496242986e-03-6.306385214e-03-6.759364653e-03
-6.819785514e-03-6.458576740e-03-5.654187815e-03-4.393311217e-03-2.671081369e-03
-4.907709663e-04 2.136941708e-03 5.195008125e-03 8.661196596e-03 1.250931810e-02
 1.671040611e-02 2.123387158e-02 2.604869194e-02 3.112471479e-02 3.643415865e-02
 4.195325077e-02 4.766391587e-02 5.355528000e-02 5.962479481e-02 6.587875629e-02
 7.233215868e-02 7.900793108e-02 8.593565965e-02 9.315019098e-02 1.006901413e-01
 1.085968093e-01 1.169133932e-01 1.256846636e-01 1.349570453e-01 1.447789967e-01
 1.552014351e-01 1.662782132e-01 1.780659705e-01 1.906228959e-01 2.040046602e-01
 2.182540148e-01 2.333756089e-01 2.492752075e-01 2.656261325e-01 2.816056609e-01
 2.957889736e-01 3.072628677e-01 3.155102134e-01 3.202175200e-01 3.212555945e-01
 3.187998831e-01 3.138573765e-01 3.076447249e-01 3.009333611e-01 2.941884101e-01
 1.687652621e-02 1.460328599e-02 1.233780754e-02 1.004471158e-02 7.724471856e-03
 5.402886367e-03 3.109946672e-03 8.807790000e-04-1.243601699e-03-3.216066892e-03
-4.983910359e-03-6.490238535e-03-7.676193985e-03-8.483828919e-03-8.859315829e-03
-8.756103052e-03-8.137647092e-03-6.979418016e-03-5.270001944e-03-3.011188644e-03
-2.170980733e-04 3.087485151e-03 6.869248638e-03 1.108856496e-02 1.570143184e-02
 2.066096474e-02 2.591851162e-02 3.142467880e-02 3.713066882e-02 4.299021140e-02
 4.896225786e-02 5.501402920e-02 6.112403417e-02 6.728425628e-02 7.350109518e-02
 7.979476446e-02 8.619719738e-02 9.274890274e-02 9.949548542e-02 1.064843312e-01
 1.137620732e-01 1.213728935e-01 1.293575912e-01 1.377531588e-01 1.465923935e-01
 1.559033394e-01 1.657079756e-01 1.760196388e-01 1.868382543e-01 1.981420964e-01
 2.098740488e-01 2.219199836e-01 2.340785861e-01 2.460292578e-01 2.573250234e-01
 2.674529552e-01 2.759467065e-01 2.824640274e-01 2.868148386e-01 2.889792621e-01
 2.891284228e-01 2.876116931e-01 2.848681808e-01 2.813155353e-01 2.772916555e-01
 1.630028337e-02 1.390365412e-02 1.146265774e-02 8.965635701e-03 6.419890589e-03
 3.849769448e-03 1.283881327e-03-1.242126105e-03-3.682509123e-03-5.980041344e-03
-8.066140115e-03-9.862729377e-03-1.128599234e-02-1.225170397e-02-1.268133611e-02
-1.250796576e-02-1.168117014e-02-1.017045599e-02-7.966981211e-03-5.083398486e-03
-1.551725873e-03 2.580498607e-03 7.255045290e-03 1.240762879e-02 1.797123995e-02
 2.387762070e-02 3.005712474e-02 3.643792862e-02 4.294601461e-02 4.950721559e-02
 5.605195460e-02 6.252194941e-02 6.887727979e-02 7.510164377e-02 8.120469007e-02
 8.722049001e-02 9.320250151e-02 9.921589488e-02 1.053293273e-01 1.116080731e-01
 1.181096733e-01 1.248819306e-01 1.319625825e-01 1.393795460e-01 1.471513361e-01
 1.552866698e-01 1.637834608e-01 1.726263911e-01 1.817830503e-01 1.911984086e-01
 2.007873654e-01 2.104264497e-01 2.199467867e-01 2.291329205e-01 2.377333045e-01
 2.454851866e-01 2.521485388e-01 2.575381994e-01 2.615470290e-01 2.641582787e-01
 2.654461265e-01 2.655616999e-01 2.647047043e-01 2.630901039e-01 2.609207034e-01
 1.578014164e-02 1.323208964e-02 1.057482796e-02 7.809295843e-03 4.947963607e-03
 2.041257103e-03-9.118827002e-04-3.883680532e-03-6.827529054e-03-9.675395646e-03
-1.233590016e-02-1.469571982e-02-1.662606935e-02-1.799390840e-02-1.867503300e-02
-1.856564725e-02-1.759067178e-02-1.570899042e-02-1.291630417e-02-9.245267138e-03
-4.761550634e-03 4.450769047e-04 6.273130828e-03 1.262114101e-02 1.939451689e-02
 2.650577758e-02 3.386921439e-02 4.139275104e-02 4.897094896e-02 5.648429313e-02
 6.380870935e-02 7.083372030e-02 7.748159027e-02 8.372050524e-02 8.957010513e-02
 9.509896490e-02 1.004127711e-01 1.056338698e-01 1.108795851e-01 1.162477061e-01
 1.218117252e-01 1.276224256e-01 1.337117702e-01 1.400965154e-01 1.467807889e-01
 1.537572146e-01 1.610070020e-01 1.684988290e-01 1.761869937e-01 1.840088964e-01
 1.918824017e-01 1.997040063e-01 2.073487938e-01 2.146738023e-01 2.215257287e-01
 2.277527898e-01 2.332191765e-01 2.378190756e-01 2.414876371e-01 2.442069500e-01
 2.460059673e-01 2.469543219e-01 2.471513152e-01 2.467124909e-01 2.457570880e-01
 1.537015478e-02 1.266235480e-02 9.790953278e-03 6.741413818e-03 3.508261667e-03
 1.557226351e-04-3.298679600e-03-6.870333164e-03-1.054419583e-02-1.424989101e-02
-1.786954139e-02-2.123002143e-02-2.411289138e-02-2.628515844e-02-2.753551488e-02
-2.769738439e-02-2.665663330e-02-2.435383381e-02-2.078908685e-02-1.602938212e-02
-1.020936851e-02-3.512368537e-03 3.868792410e-03 1.176988802e-02 2.007106875e-02
 2.868926339e-02 3.755691645e-02 4.659325632e-02 5.567064506e-02 6.458840522e-02
 7.309003174e-02 8.093570176e-02 8.796568958e-02 9.411751479e-02 9.942889212e-02
 1.040462256e-01 1.082129180e-01 1.122009531e-01 1.162286401e-01 1.204346344e-01
 1.248949542e-01 1.296455413e-01 1.346978993e-01 1.400479674e-01 1.456808448e-01
 1.515727789e-01 1.576917321e-01 1.639969945e-01 1.704383194e-01 1.769551486e-01
 1.834758967e-01 1.899181753e-01 1.961901784e-01 2.021936328e-01 2.078286112e-01
 2.129995972e-01 2.176224589e-01 2.216310501e-01 2.249822765e-01 2.276590616e-01
 2.296704352e-01 2.310489863e-01 2.318460941e-01 2.321259379e-01 2.319592536e-01
 1.519656091e-02 1.236826187e-02 9.326254076e-03 6.038582011e-03 2.472920227e-03
-1.340651652e-03-5.413779989e-03-9.769344644e-03-1.441868680e-02-1.937734522e-02
-2.456119659e-02-2.970847295e-02-3.437148410e-02-3.805493942e-02-4.038587207e-02
-4.113188380e-02-4.014808687e-02-3.734407574e-02-3.268973160e-02-2.626425397e-02
-1.833534235e-02-9.360997996e-03 2.031975891e-04 1.008530986e-02 2.018995764e-02
 3.052395766e-02 4.113940152e-02 5.209153888e-02 6.337559220e-02 7.472075520e-02
 8.530510961e-02 9.448546915e-02 1.020576879e-01 1.079520509e-01 1.121647358e-01
 1.148608700e-01 1.167446897e-01 1.187077760e-01 1.210689321e-01 1.238857508e-01
 1.271466762e-01 1.308195889e-01 1.348664760e-01 1.392478049e-01 1.439233720e-01
 1.488516927e-01 1.539890021e-01 1.592881829e-01 1.646978259e-01 1.701616794e-01
 1.756184101e-01 1.810020804e-01 1.862433553e-01 1.912714839e-01 1.960170716e-01
 2.004154175e-01 2.044099867e-01 2.079557181e-01 2.110215426e-01 2.135918439e-01
 2.156666666e-01 2.172605545e-01 2.184003442e-01 2.191222757e-01 2.194688171e-01
 1.537340501e-02 1.250856742e-02 9.392453387e-03 5.979401962e-03 2.220897033e-03
-1.937134773e-03-6.544645381e-03-1.165839101e-02-1.740000214e-02-2.393245517e-02
-3.151816872e-02-4.025131094e-02-4.872293398e-02-5.507152897e-02-5.908470976e-02
-6.075129283e-02-6.001655755e-02-5.674695596e-02-5.072364211e-02-4.166934261e-02
-2.953157021e-02-1.631079236e-02-3.694213898e-03 8.387515321e-03 2.020022090e-02
 3.202197328e-02 4.413803288e-02 5.687161538e-02 7.064939289e-02 8.605972679e-02
 9.966335444e-02 1.103812232e-01 1.185961068e-01 1.241251975e-01 1.268834323e-01
 1.264791042e-01 1.242151112e-01 1.236986220e-01 1.243634447e-01 1.258976758e-01
 1.281067431e-01 1.308578104e-01 1.340540945e-01 1.376203448e-01 1.414940953e-01
 1.456201375e-01 1.499469877e-01 1.544244737e-01 1.590022892e-01 1.636291445e-01
 1.682524234e-01 1.728184372e-01 1.772731244e-01 1.815632432e-01 1.856379509e-01
 1.894505620e-01 1.929604113e-01 1.961346119e-01 1.989492923e-01 2.013903856e-01
 2.034537941e-01 2.051448375e-01 2.064771652e-01 2.074712515e-01 2.081526816e-01
 1.597789113e-02 1.321433860e-02 1.016648952e-02 6.775718677e-03 2.987645275e-03
-1.257360040e-03-6.041278568e-03-1.149105467e-02-1.778554544e-02-2.522941490e-02
-3.449695924e-02-4.674825439e-02-5.937898162e-02-6.782818583e-02-7.303389156e-02
-7.537294173e-02-7.487809652e-02-7.139346006e-02-6.454563138e-02-5.353547630e-02
-3.681842610e-02-1.946601647e-02-4.820248607e-03 8.394148201e-03 2.092007737e-02
 3.325570005e-02 4.581201822e-02 5.900982767e-02 7.336418331e-02 8.942914753e-02
 1.036253721e-01 1.146644875e-01 1.229014769e-01 1.282496751e-01 1.305322349e-01
 1.292991340e-01 1.261399835e-01 1.248030066e-01 1.247771829e-01 1.256944090e-01
 1.273186654e-01 1.294943392e-01 1.321125775e-01 1.350914836e-01 1.383649409e-01
 1.418761015e-01 1.455736905e-01 1.494096518e-01 1.533377617e-01 1.573127359e-01
 1.612899303e-01 1.652253419e-01 1.690759659e-01 1.728004813e-01 1.763601303e-01
 1.797196418e-01 1.828483045e-01 1.857208759e-01 1.883182228e-01 1.906278133e-01
 1.926437318e-01 1.943664998e-01 1.958024204e-01 1.969628334e-01 1.978630572e-01
 0.104149103E+01 0.103602111E+01 0.102370906E+01 0.101594257E+01 0.101149726E+01
 0.100975323E+01 0.101027679E+01 0.101402998E+01 0.101916933E+01 0.102617121E+01
 0.103534126E+01 0.104601526E+01 0.105938137E+01 0.107468128E+01 0.109199560E+01
 0.111137247E+01 0.113267541E+01 0.115628123E+01 0.118214071E+01 0.120979548E+01
 0.123922717E+01 0.127031076E+01 0.130290592E+01 0.133701312E+01 0.137249327E+01
 0.140925670E+01 0.144737196E+01 0.148674679E+01 0.152757728E+01 0.156985497E+01
 0.161355770E+01 0.165876460E+01 0.170550799E+01 0.175395882E+01 0.180414701E+01
 0.185608983E+01 0.190987253E+01 0.196570015E+01 0.202354527E+01 0.208358502E+01
 0.214569712E+01 0.221024823E+01 0.227717996E+01 0.234657168E+01 0.241857624E+01
 0.249328136E+01 0.257077670E+01 0.265099359E+01 0.273455119E+01 0.282109571E+01
 0.291085935E+01 0.300436616E+01 0.310173249E+01 0.320354939E+01 0.331072688E+01
 0.342471862E+01 0.354665113E+01 0.367908001E+01 0.382456207E+01 0.398908806E+01
 0.417966366E+01 0.441433954E+01 0.473040485E+01 0.524486065E+01 0.782246494E+01
   87   82
 0.105063117E+01-0.500000007E-01 0.105035388E+01 0.500000007E-01 0.105250001E+01
 0.132129490E+00 0.105558956E+01 0.200000003E+00 0.106340849E+01 0.300000012E+00
 0.107611489E+01 0.400000006E+00 0.108429801E+01 0.449999988E+00 0.110562503E+01
 0.545560360E+00 0.112152398E+01 0.600000024E+00 0.113925672E+01 0.649999976E+00
 0.116104007E+01 0.699999988E+00 0.118822300E+01 0.750000000E+00 0.122323477E+01
 0.800000012E+00 0.126499999E+01 0.844852328E+00 0.129156256E+01 0.866894185E+00
 0.134468746E+01 0.897003949E+00 0.137125003E+01 0.907414258E+00 0.142437506E+01
 0.919034302E+00 0.147749996E+01 0.920434415E+00 0.153062499E+01 0.913700819E+00
 0.158100200E+01 0.899999976E+00 0.161031246E+01 0.890639186E+00 0.166343749E+01
 0.869563580E+00 0.170147693E+01 0.850000024E+00 0.174312496E+01 0.827004135E+00
 0.178462672E+01 0.800000012E+00 0.182281256E+01 0.773773074E+00 0.185381746E+01
 0.750000000E+00 0.190250003E+01 0.709478676E+00 0.192906249E+01 0.684976578E+00
 0.196493697E+01 0.649999976E+00 0.200874996E+01 0.603244424E+00 0.203531241E+01
 0.570955455E+00 0.206187510E+01 0.535855114E+00 0.208843756E+01 0.497720927E+00
 0.211910534E+01 0.449999988E+00 0.214631295E+01 0.400000006E+00 0.216971254E+01
 0.349999994E+00 0.219468760E+01 0.283120364E+00 0.221925306E+01 0.200000003E+00
 0.223023915E+01 0.150000006E+00 0.223972344E+01 0.500000007E-01 0.223418379E+01
-0.500000007E-01 0.222125006E+01-0.117186509E+00 0.219723201E+01-0.200000003E+00
 0.217770600E+01-0.250000000E+00 0.215523624E+01-0.300000012E+00 0.212998247E+01
-0.349999994E+00 0.210182834E+01-0.400000006E+00 0.207049632E+01-0.449999988E+00
 0.203555679E+01-0.500000000E+00 0.200874996E+01-0.533718825E+00 0.198218751E+01
-0.565819502E+00 0.195150912E+01-0.600000024E+00 0.190496695E+01-0.649999976E+00
 0.187593746E+01-0.678733170E+00 0.184937501E+01-0.704147220E+00 0.179809272E+01
-0.750000000E+00 0.176968753E+01-0.774139166E+00 0.173699236E+01-0.800000012E+00
 0.169000006E+01-0.837031960E+00 0.166343749E+01-0.856914997E+00 0.161031246E+01
-0.893483937E+00 0.158375001E+01-0.911535203E+00 0.153062499E+01-0.943954825E+00
 0.150406253E+01-0.960080504E+00 0.145093751E+01-0.989135683E+00 0.142437506E+01
-0.100251377E+01 0.137125003E+01-0.102946031E+01 0.131812501E+01-0.104998863E+01
 0.128548431E+01-0.106460857E+01 0.125290489E+01-0.107921720E+01 0.123843753E+01
-0.104286337E+01 0.121187496E+01-0.981578767E+00 0.118531251E+01-0.906888843E+00
 0.116661847E+01-0.850000024E+00 0.115208459E+01-0.800000012E+00 0.113218749E+01
-0.722240806E+00 0.111685336E+01-0.649999976E+00 0.110562503E+01-0.589867830E+00
 0.109082508E+01-0.500000000E+00 0.107906246E+01-0.416670442E+00 0.107069016E+01
-0.349999994E+00 0.106063902E+01-0.250000000E+00 0.105396140E+01-0.150000006E+00
 0.105206668E+01-0.100000001E+00 0.105063117E+01-0.500000007E-01
 0.104285002E+01 0.000000000E+00 0.104285002E+01 0.102430001E+00 0.104217005E+01
 0.106030002E+00 0.103997004E+01 0.113380000E+00 0.101730001E+01 0.136999995E+00
 0.101932001E+01 0.111591995E+01 0.101970005E+01 0.121959996E+01 0.116981995E+01
 0.136299002E+01 0.125000000E+01 0.136299002E+01 0.125000000E+01 0.132640004E+01
 0.120554996E+01 0.132640004E+01 0.120567000E+01 0.131070006E+01 0.120809996E+01
 0.129375994E+01 0.121103001E+01 0.128663003E+01 0.121597004E+01 0.127983999E+01
 0.122549999E+01 0.127250004E+01 0.138770998E+01 0.116355002E+01 0.139658999E+01
 0.116112995E+01 0.140872002E+01 0.116154003E+01 0.141507995E+01 0.116412997E+01
 0.145006001E+01 0.118335998E+01 0.149844003E+01 0.122951996E+01 0.149109995E+01
 0.121349001E+01 0.149501002E+01 0.116171002E+01 0.147765005E+01 0.112226999E+01
 0.148169005E+01 0.111591995E+01 0.149105000E+01 0.111275005E+01 0.152942002E+01
 0.110483003E+01 0.160203004E+01 0.109308004E+01 0.164134002E+01 0.107020998E+01
 0.164687002E+01 0.107845998E+01 0.178340006E+01 0.107209003E+01 0.204518008E+01
 0.103909004E+01 0.205605006E+01 0.104322004E+01 0.210643005E+01 0.999729991E+00
 0.208569002E+01 0.869265974E+00 0.222220993E+01 0.519111991E+00 0.224294996E+01
 0.448630989E+00 0.230183005E+01 0.280676991E+00 0.231151009E+01 0.279680014E+00
 0.233364010E+01 0.219329998E+00 0.234012008E+01 0.219872996E+00 0.234645009E+01
 0.198669001E+00 0.234827995E+01 0.632878989E-01 0.235109997E+01 0.420836993E-01
 0.234827995E+01-0.254776001E+00 0.234645009E+01-0.272718012E+00 0.234461999E+01
-0.410818011E+00 0.235109997E+01-0.420603991E+00 0.232178998E+01-0.489789993E+00
 0.222112989E+01-0.546249986E+00 0.221318007E+01-0.562820017E+00 0.217306995E+01
-0.660179973E+00 0.216686010E+01-0.668110013E+00 0.213597989E+01-0.741140008E+00
 0.212902999E+01-0.762809992E+00 0.205341005E+01-0.941009998E+00 0.203887010E+01
-0.951799989E+00 0.200696993E+01-0.101937997E+01 0.200014997E+01-0.103056002E+01
 0.178394997E+01-0.115894997E+01 0.174519002E+01-0.123995996E+01 0.174687004E+01
-0.124047995E+01 0.174579000E+01-0.124380004E+01 0.164520001E+01-0.124479997E+01
 0.140117002E+01-0.124477005E+01 0.138558996E+01-0.124820995E+01 0.137489998E+01
-0.125832999E+01 0.136953998E+01-0.126941001E+01 0.136824000E+01-0.127555001E+01
 0.136860001E+01-0.132246995E+01 0.137256002E+01-0.132470000E+01 0.142770004E+01
-0.132470000E+01 0.142770004E+01-0.135782003E+01 0.116162002E+01-0.135894001E+01
 0.104964995E+01-0.119658995E+01 0.104656005E+01-0.119272995E+01 0.104656005E+01
-0.825613976E+00 0.104631996E+01-0.277128001E-02 0.104563999E+01-0.160299998E-02
 0.104285002E+01-0.999999975E-05 0.104285002E+01 0.000000000E+00
    0 0.169550002E+01    0
 0.000000000E+00 0.877176970E-01 0.123944148E+00 0.151540250E+00 0.174706176E+00
 0.195101023E+00 0.213562146E+00 0.229203329E+00 0.245212212E+00 0.260489911E+00
 0.274932474E+00 0.288695693E+00 0.302057832E+00 0.315125078E+00 0.327776790E+00
 0.340127498E+00 0.352319598E+00 0.364302784E+00 0.376177818E+00 0.387954295E+00
 0.399613917E+00 0.411235660E+00 0.422810376E+00 0.434383571E+00 0.445936829E+00
 0.457479745E+00 0.469067782E+00 0.480641991E+00 0.492264628E+00 0.503936231E+00
 0.515650511E+00 0.527424335E+00 0.539240181E+00 0.551144600E+00 0.563123584E+00
 0.575181127E+00 0.587327421E+00 0.599580288E+00 0.611921072E+00 0.624390304E+00
 0.636953890E+00 0.649650574E+00 0.662466943E+00 0.675427437E+00 0.688526452E+00
 0.701767802E+00 0.715167999E+00 0.728707552E+00 0.742447793E+00 0.756335855E+00
 0.770400047E+00 0.784662306E+00 0.799108863E+00 0.813762307E+00 0.828619063E+00
 0.843723416E+00 0.859060109E+00 0.874681115E+00 0.890586078E+00 0.906911194E+00
 0.923623145E+00 0.940923512E+00 0.958976209E+00 0.978233516E+00 0.100000000E+01
    0
